c ids of sdd nodes start at 0
c sdd nodes appear bottom-up, children before parents
c
c file syntax:
c sdd count-of-sdd-nodes
c F id-of-false-sdd-node
c T id-of-true-sdd-node
c L id-of-literal-sdd-node id-of-vtree literal
c D id-of-decomposition-sdd-node id-of-vtree number-of-elements {id-of-prime id-of-sub}*
c
sdd 214
L 3 1872 -91
L 4 1874 -92
L 5 1872 91
F 6
D 2 1873 2 3 4 5 6
L 8 1876 -93
L 9 1878 94
L 10 1876 93
D 7 1877 2 8 9 10 6
L 12 1874 92
T 13
D 11 1873 2 3 12 5 13
D 1 1875 2 2 7 11 6
L 17 1984 -75
L 18 1986 -76
L 19 1984 75
D 16 1985 2 17 18 19 6
L 21 1988 -77
L 22 1990 78
L 23 1988 77
D 20 1989 2 21 22 23 6
L 25 1986 76
D 24 1985 2 17 25 19 13
D 15 1987 2 16 20 24 6
L 30 2008 -995
L 31 2010 -996
L 32 2008 995
D 29 2009 2 30 31 32 6
L 34 2012 -997
L 35 2014 -998
L 36 2012 997
D 33 2013 2 34 35 36 6
L 38 2010 996
D 37 2009 2 30 38 32 13
D 28 2011 2 29 33 37 6
L 41 2016 -999
L 42 2018 -1000
L 43 2016 999
D 40 2017 2 41 42 43 6
L 45 2020 -1001
L 46 2022 -1002
L 47 2020 1001
D 44 2021 2 45 46 47 6
L 49 2018 1000
D 48 2017 2 41 49 43 13
D 39 2019 2 40 44 48 6
L 52 2014 998
D 51 2013 2 34 52 36 13
D 50 2011 2 29 51 37 13
D 27 2015 2 28 39 50 6
L 56 2024 -1003
L 57 2026 -1004
L 58 2024 1003
D 55 2025 2 56 57 58 6
L 60 2028 -1005
L 61 2030 -1006
L 62 2028 1005
D 59 2029 2 60 61 62 6
L 64 2026 1004
D 63 2025 2 56 64 58 13
D 54 2027 2 55 59 63 6
L 67 2032 -1007
L 68 2034 -1008
L 69 2032 1007
D 66 2033 2 67 68 69 6
L 71 2036 -1009
L 72 2038 1010
L 73 2036 1009
D 70 2037 2 71 72 73 6
L 75 2034 1008
D 74 2033 2 67 75 69 13
D 65 2035 2 66 70 74 6
L 78 2030 1006
D 77 2029 2 60 78 62 13
D 76 2027 2 55 77 63 13
D 53 2031 2 54 65 76 6
L 82 2022 1002
D 81 2021 2 45 82 47 13
D 80 2019 2 40 81 48 13
D 79 2015 2 28 80 50 13
D 26 2023 2 27 53 79 6
L 85 1990 -78
D 84 1989 2 23 85 21 6
D 83 1987 2 16 84 24 6
L 90 2038 -1010
D 89 2037 2 73 90 71 6
D 88 2035 2 66 89 74 6
D 87 2031 2 54 88 76 6
D 86 2023 2 27 87 79 6
D 92 1985 2 17 25 19 6
D 93 1989 2 21 85 23 6
D 94 1985 2 17 18 19 13
D 91 1987 2 92 93 94 6
D 98 2033 2 67 75 69 6
D 99 2037 2 71 90 73 6
D 100 2033 2 67 68 69 13
D 97 2035 2 98 99 100 6
D 96 2031 2 54 97 76 6
D 95 2023 2 27 96 79 6
D 102 1985 2 19 18 17 6
D 103 1985 2 19 25 17 13
D 101 1987 2 102 93 103 6
D 107 2033 2 69 68 67 6
D 108 2033 2 69 75 67 13
D 106 2035 2 107 99 108 6
D 105 2031 2 54 106 76 6
D 104 2023 2 27 105 79 6
D 110 1989 2 21 85 23 22
D 111 1985 2 19 18 17 25
D 112 1989 2 21 22 23 13
D 113 1985 2 19 25 17 6
D 109 1987 3 16 110 111 112 113 13
D 14 1991 5 15 26 83 86 91 95 101 104 109 6
L 116 1878 -94
D 115 1877 2 10 116 8 6
D 114 1875 2 2 115 11 6
D 121 2029 2 60 78 62 6
D 120 2027 2 55 121 63 6
D 122 2035 2 66 99 74 6
D 124 2029 2 60 61 62 13
D 123 2027 2 55 124 63 13
D 119 2031 2 120 122 123 6
D 118 2023 2 27 119 79 6
D 128 2029 2 62 61 60 6
D 127 2027 2 55 128 63 6
D 130 2029 2 62 78 60 13
D 129 2027 2 55 130 63 13
D 126 2031 2 127 122 129 6
D 125 2023 2 27 126 79 6
D 134 2025 2 56 64 58 6
D 135 2025 2 56 57 58 13
D 133 2027 2 134 59 135 6
D 136 2027 2 134 77 135 13
D 132 2031 2 133 122 136 6
D 131 2023 2 27 132 79 6
D 140 2025 2 58 57 56 6
D 141 2025 2 58 64 56 13
D 139 2027 2 140 59 141 6
D 142 2027 2 140 77 141 13
D 138 2031 2 139 122 142 6
D 137 2023 2 27 138 79 6
D 117 1991 5 15 118 83 125 91 131 101 137 109 6
D 144 1873 2 3 12 5 6
D 145 1877 2 8 116 10 6
D 146 1873 2 3 4 5 13
D 143 1875 2 144 145 146 6
D 151 2021 2 45 82 47 6
D 150 2019 2 40 151 48 6
D 149 2015 2 28 150 50 6
D 152 2031 2 54 122 76 6
D 155 2021 2 45 46 47 13
D 154 2019 2 40 155 48 13
D 153 2015 2 28 154 50 13
D 148 2023 2 149 152 153 6
D 159 2021 2 47 46 45 6
D 158 2019 2 40 159 48 6
D 157 2015 2 28 158 50 6
D 162 2021 2 47 82 45 13
D 161 2019 2 40 162 48 13
D 160 2015 2 28 161 50 13
D 156 2023 2 157 152 160 6
D 166 2017 2 41 49 43 6
D 167 2017 2 41 42 43 13
D 165 2019 2 166 44 167 6
D 164 2015 2 28 165 50 6
D 169 2019 2 166 81 167 13
D 168 2015 2 28 169 50 13
D 163 2023 2 164 152 168 6
D 173 2017 2 43 42 41 6
D 174 2017 2 43 49 41 13
D 172 2019 2 173 44 174 6
D 171 2015 2 28 172 50 6
D 176 2019 2 173 81 174 13
D 175 2015 2 28 176 50 13
D 170 2023 2 171 152 175 6
D 147 1991 5 15 148 83 156 91 163 101 170 109 6
D 178 1873 2 5 4 3 6
D 179 1873 2 5 12 3 13
D 177 1875 2 178 145 179 6
D 184 2013 2 34 52 36 6
D 183 2011 2 29 184 37 6
D 186 2013 2 34 35 36 13
D 185 2011 2 29 186 37 13
D 182 2015 2 183 39 185 6
D 187 2015 2 183 80 185 13
D 181 2023 2 182 152 187 6
D 191 2013 2 36 35 34 6
D 190 2011 2 29 191 37 6
D 193 2013 2 36 52 34 13
D 192 2011 2 29 193 37 13
D 189 2015 2 190 39 192 6
D 194 2015 2 190 80 192 13
D 188 2023 2 189 152 194 6
D 198 2009 2 30 38 32 6
D 199 2009 2 30 31 32 13
D 197 2011 2 198 33 199 6
D 200 2011 2 198 51 199 13
D 196 2015 2 197 39 200 6
D 201 2015 2 197 80 200 13
D 195 2023 2 196 152 201 6
D 205 2009 2 32 31 30 6
D 206 2009 2 32 38 30 13
D 204 2011 2 205 33 206 6
D 207 2011 2 205 51 206 13
D 203 2015 2 204 39 207 6
D 208 2015 2 204 80 207 13
D 202 2023 2 203 152 208 6
D 180 1991 5 15 181 83 188 91 195 101 202 109 6
D 210 1877 2 8 116 10 9
D 211 1873 2 5 4 3 12
D 212 1877 2 8 9 10 13
D 213 1873 2 5 12 3 6
D 209 1875 3 2 210 211 212 213 13
D 0 1879 5 1 14 114 117 143 147 177 180 209 6
