c ids of sdd nodes start at 0
c sdd nodes appear bottom-up, children before parents
c
c file syntax:
c sdd count-of-sdd-nodes
c F id-of-false-sdd-node
c T id-of-true-sdd-node
c L id-of-literal-sdd-node id-of-vtree literal
c D id-of-decomposition-sdd-node id-of-vtree number-of-elements {id-of-prime id-of-sub}*
c
sdd 98
L 2 424 -159
L 3 426 160
L 4 424 159
F 5
D 1 425 2 2 3 4 5
L 9 5256 -169
L 10 5258 -170
L 11 5256 169
D 8 5257 2 9 10 11 5
L 13 5260 -171
L 14 5262 172
L 15 5260 171
D 12 5261 2 13 14 15 5
L 17 5258 170
T 18
D 16 5257 2 9 17 11 18
D 7 5259 2 8 12 16 5
L 22 5280 -1019
L 23 5282 -1020
L 24 5280 1019
D 21 5281 2 22 23 24 5
L 26 5284 -1021
L 27 5286 -1022
L 28 5284 1021
D 25 5285 2 26 27 28 5
L 30 5282 1020
D 29 5281 2 22 30 24 18
D 20 5283 2 21 25 29 5
L 33 5288 -1023
L 34 5290 -1024
L 35 5288 1023
D 32 5289 2 33 34 35 5
L 37 5292 -1025
L 38 5294 1026
L 39 5292 1025
D 36 5293 2 37 38 39 5
L 41 5290 1024
D 40 5289 2 33 41 35 18
D 31 5291 2 32 36 40 5
L 44 5286 1022
D 43 5285 2 26 44 28 18
D 42 5283 2 21 43 29 18
D 19 5287 2 20 31 42 5
L 47 5262 -172
D 46 5261 2 15 47 13 5
D 45 5259 2 8 46 16 5
D 50 5289 2 33 41 35 5
L 52 5294 -1026
D 51 5293 2 37 52 39 5
D 53 5289 2 33 34 35 18
D 49 5291 2 50 51 53 5
D 48 5287 2 20 49 42 5
D 55 5257 2 9 17 11 5
D 56 5261 2 13 47 15 5
D 57 5257 2 9 10 11 18
D 54 5259 2 55 56 57 5
D 60 5285 2 26 44 28 5
D 59 5283 2 21 60 29 5
D 61 5291 2 32 51 40 5
D 63 5285 2 26 27 28 18
D 62 5283 2 21 63 29 18
D 58 5287 2 59 61 62 5
D 65 5257 2 11 10 9 5
D 66 5257 2 11 17 9 18
D 64 5259 2 65 56 66 5
D 69 5281 2 22 30 24 5
D 70 5281 2 22 23 24 18
D 68 5283 2 69 25 70 5
D 71 5283 2 69 43 70 18
D 67 5287 2 68 61 71 5
D 73 5261 2 13 47 15 14
D 74 5257 2 11 10 9 17
D 75 5261 2 13 14 15 18
D 76 5257 2 11 17 9 5
D 72 5259 3 8 73 74 75 76 18
D 6 5263 5 7 19 45 48 54 58 64 67 72 5
L 78 426 -160
D 77 425 2 4 78 2 5
D 82 5293 2 39 52 37 5
D 81 5291 2 32 82 40 5
D 80 5287 2 20 81 42 5
D 85 5289 2 35 34 33 5
D 86 5289 2 35 41 33 18
D 84 5291 2 85 51 86 5
D 83 5287 2 20 84 42 5
D 89 5285 2 28 27 26 5
D 88 5283 2 21 89 29 5
D 91 5285 2 28 44 26 18
D 90 5283 2 21 91 29 18
D 87 5287 2 88 61 90 5
D 94 5281 2 24 23 22 5
D 95 5281 2 24 30 22 18
D 93 5283 2 94 25 95 5
D 96 5283 2 94 43 95 18
D 92 5287 2 93 61 96 5
D 79 5263 5 7 80 45 83 54 87 64 92 72 5
D 97 425 2 2 78 4 3
D 0 427 3 1 6 77 79 97 5
