c ids of sdd nodes start at 0
c sdd nodes appear bottom-up, children before parents
c
c file syntax:
c sdd count-of-sdd-nodes
c F id-of-false-sdd-node
c T id-of-true-sdd-node
c L id-of-literal-sdd-node id-of-vtree literal
c D id-of-decomposition-sdd-node id-of-vtree number-of-elements {id-of-prime id-of-sub}*
c
sdd 98
L 2 72 -129
L 3 74 130
L 4 72 129
F 5
D 1 73 2 2 3 4 5
L 9 216 -125
L 10 218 -126
L 11 216 125
D 8 217 2 9 10 11 5
L 13 220 -127
L 14 222 128
L 15 220 127
D 12 221 2 13 14 15 5
L 17 218 126
T 18
D 16 217 2 9 17 11 18
D 7 219 2 8 12 16 5
L 22 240 -1027
L 23 242 -1028
L 24 240 1027
D 21 241 2 22 23 24 5
L 26 244 -1029
L 27 246 -1030
L 28 244 1029
D 25 245 2 26 27 28 5
L 30 242 1028
D 29 241 2 22 30 24 18
D 20 243 2 21 25 29 5
L 33 248 -1031
L 34 250 -1032
L 35 248 1031
D 32 249 2 33 34 35 5
L 37 252 -1033
L 38 254 1034
L 39 252 1033
D 36 253 2 37 38 39 5
L 41 250 1032
D 40 249 2 33 41 35 18
D 31 251 2 32 36 40 5
L 44 246 1030
D 43 245 2 26 44 28 18
D 42 243 2 21 43 29 18
D 19 247 2 20 31 42 5
L 47 222 -128
D 46 221 2 15 47 13 5
D 45 219 2 8 46 16 5
D 50 249 2 33 41 35 5
L 52 254 -1034
D 51 253 2 37 52 39 5
D 53 249 2 33 34 35 18
D 49 251 2 50 51 53 5
D 48 247 2 20 49 42 5
D 55 217 2 9 17 11 5
D 56 221 2 13 47 15 5
D 57 217 2 9 10 11 18
D 54 219 2 55 56 57 5
D 60 245 2 26 44 28 5
D 59 243 2 21 60 29 5
D 61 251 2 32 51 40 5
D 63 245 2 26 27 28 18
D 62 243 2 21 63 29 18
D 58 247 2 59 61 62 5
D 65 217 2 11 10 9 5
D 66 217 2 11 17 9 18
D 64 219 2 65 56 66 5
D 69 241 2 22 30 24 5
D 70 241 2 22 23 24 18
D 68 243 2 69 25 70 5
D 71 243 2 69 43 70 18
D 67 247 2 68 61 71 5
D 73 221 2 13 47 15 14
D 74 217 2 11 10 9 17
D 75 221 2 13 14 15 18
D 76 217 2 11 17 9 5
D 72 219 3 8 73 74 75 76 18
D 6 223 5 7 19 45 48 54 58 64 67 72 5
L 78 74 -130
D 77 73 2 4 78 2 5
D 82 253 2 39 52 37 5
D 81 251 2 32 82 40 5
D 80 247 2 20 81 42 5
D 85 249 2 35 34 33 5
D 86 249 2 35 41 33 18
D 84 251 2 85 51 86 5
D 83 247 2 20 84 42 5
D 89 245 2 28 27 26 5
D 88 243 2 21 89 29 5
D 91 245 2 28 44 26 18
D 90 243 2 21 91 29 18
D 87 247 2 88 61 90 5
D 94 241 2 24 23 22 5
D 95 241 2 24 30 22 18
D 93 243 2 94 25 95 5
D 96 243 2 94 43 95 18
D 92 247 2 93 61 96 5
D 79 223 5 7 80 45 83 54 87 64 92 72 5
D 97 73 2 2 78 4 3
D 0 75 3 1 6 77 79 97 5
