c ids of sdd nodes start at 0
c sdd nodes appear bottom-up, children before parents
c
c file syntax:
c sdd count-of-sdd-nodes
c F id-of-false-sdd-node
c T id-of-true-sdd-node
c L id-of-literal-sdd-node id-of-vtree literal
c D id-of-decomposition-sdd-node id-of-vtree number-of-elements {id-of-prime id-of-sub}*
c
sdd 98
L 2 0 -165
L 3 2 166
L 4 0 165
F 5
D 1 1 2 2 3 4 5
L 9 5256 -169
L 10 5258 -170
L 11 5256 169
D 8 5257 2 9 10 11 5
L 13 5260 -171
L 14 5262 172
L 15 5260 171
D 12 5261 2 13 14 15 5
L 17 5258 170
T 18
D 16 5257 2 9 17 11 18
D 7 5259 2 8 12 16 5
L 22 5296 -1039
L 23 5298 -1040
L 24 5296 1039
D 21 5297 2 22 23 24 5
L 26 5300 -1041
L 27 5302 -1042
L 28 5300 1041
D 25 5301 2 26 27 28 5
L 30 5298 1040
D 29 5297 2 22 30 24 18
D 20 5299 2 21 25 29 5
L 33 5304 -1043
L 34 5306 -1044
L 35 5304 1043
D 32 5305 2 33 34 35 5
L 37 5308 -1045
L 38 5310 1046
L 39 5308 1045
D 36 5309 2 37 38 39 5
L 41 5306 1044
D 40 5305 2 33 41 35 18
D 31 5307 2 32 36 40 5
L 44 5302 1042
D 43 5301 2 26 44 28 18
D 42 5299 2 21 43 29 18
D 19 5303 2 20 31 42 5
L 47 5262 -172
D 46 5261 2 15 47 13 5
D 45 5259 2 8 46 16 5
D 50 5305 2 33 41 35 5
L 52 5310 -1046
D 51 5309 2 37 52 39 5
D 53 5305 2 33 34 35 18
D 49 5307 2 50 51 53 5
D 48 5303 2 20 49 42 5
D 55 5257 2 9 17 11 5
D 56 5261 2 13 47 15 5
D 57 5257 2 9 10 11 18
D 54 5259 2 55 56 57 5
D 60 5301 2 26 44 28 5
D 59 5299 2 21 60 29 5
D 61 5307 2 32 51 40 5
D 63 5301 2 26 27 28 18
D 62 5299 2 21 63 29 18
D 58 5303 2 59 61 62 5
D 65 5257 2 11 10 9 5
D 66 5257 2 11 17 9 18
D 64 5259 2 65 56 66 5
D 69 5297 2 22 30 24 5
D 70 5297 2 22 23 24 18
D 68 5299 2 69 25 70 5
D 71 5299 2 69 43 70 18
D 67 5303 2 68 61 71 5
D 73 5261 2 13 47 15 14
D 74 5257 2 11 10 9 17
D 75 5261 2 13 14 15 18
D 76 5257 2 11 17 9 5
D 72 5259 3 8 73 74 75 76 18
D 6 5263 5 7 19 45 48 54 58 64 67 72 5
L 78 2 -166
D 77 1 2 4 78 2 5
D 82 5309 2 39 52 37 5
D 81 5307 2 32 82 40 5
D 80 5303 2 20 81 42 5
D 85 5305 2 35 34 33 5
D 86 5305 2 35 41 33 18
D 84 5307 2 85 51 86 5
D 83 5303 2 20 84 42 5
D 89 5301 2 28 27 26 5
D 88 5299 2 21 89 29 5
D 91 5301 2 28 44 26 18
D 90 5299 2 21 91 29 18
D 87 5303 2 88 61 90 5
D 94 5297 2 24 23 22 5
D 95 5297 2 24 30 22 18
D 93 5299 2 94 25 95 5
D 96 5299 2 94 43 95 18
D 92 5303 2 93 61 96 5
D 79 5263 5 7 80 45 83 54 87 64 92 72 5
D 97 1 2 2 78 4 3
D 0 3 3 1 6 77 79 97 5
