c ids of sdd nodes start at 0
c sdd nodes appear bottom-up, children before parents
c
c file syntax:
c sdd count-of-sdd-nodes
c F id-of-false-sdd-node
c T id-of-true-sdd-node
c L id-of-literal-sdd-node id-of-vtree literal
c D id-of-decomposition-sdd-node id-of-vtree number-of-elements {id-of-prime id-of-sub}*
c
sdd 214
L 3 7328 -221
L 4 7330 -222
L 5 7328 221
F 6
D 2 7329 2 3 4 5 6
L 8 7332 -223
L 9 7334 224
L 10 7332 223
D 7 7333 2 8 9 10 6
L 12 7330 222
T 13
D 11 7329 2 3 12 5 13
D 1 7331 2 2 7 11 6
L 17 9288 -255
L 18 9290 -256
L 19 9288 255
D 16 9289 2 17 18 19 6
L 21 9292 -257
L 22 9294 258
L 23 9292 257
D 20 9293 2 21 22 23 6
L 25 9290 256
D 24 9289 2 17 25 19 13
D 15 9291 2 16 20 24 6
L 30 9360 -1079
L 31 9362 -1080
L 32 9360 1079
D 29 9361 2 30 31 32 6
L 34 9364 -1081
L 35 9366 -1082
L 36 9364 1081
D 33 9365 2 34 35 36 6
L 38 9362 1080
D 37 9361 2 30 38 32 13
D 28 9363 2 29 33 37 6
L 41 9368 -1083
L 42 9370 -1084
L 43 9368 1083
D 40 9369 2 41 42 43 6
L 45 9372 -1085
L 46 9374 -1086
L 47 9372 1085
D 44 9373 2 45 46 47 6
L 49 9370 1084
D 48 9369 2 41 49 43 13
D 39 9371 2 40 44 48 6
L 52 9366 1082
D 51 9365 2 34 52 36 13
D 50 9363 2 29 51 37 13
D 27 9367 2 28 39 50 6
L 56 9376 -1087
L 57 9378 -1088
L 58 9376 1087
D 55 9377 2 56 57 58 6
L 60 9380 -1089
L 61 9382 -1090
L 62 9380 1089
D 59 9381 2 60 61 62 6
L 64 9378 1088
D 63 9377 2 56 64 58 13
D 54 9379 2 55 59 63 6
L 67 9384 -1091
L 68 9386 -1092
L 69 9384 1091
D 66 9385 2 67 68 69 6
L 71 9388 -1093
L 72 9390 1094
L 73 9388 1093
D 70 9389 2 71 72 73 6
L 75 9386 1092
D 74 9385 2 67 75 69 13
D 65 9387 2 66 70 74 6
L 78 9382 1090
D 77 9381 2 60 78 62 13
D 76 9379 2 55 77 63 13
D 53 9383 2 54 65 76 6
L 82 9374 1086
D 81 9373 2 45 82 47 13
D 80 9371 2 40 81 48 13
D 79 9367 2 28 80 50 13
D 26 9375 2 27 53 79 6
L 85 9294 -258
D 84 9293 2 23 85 21 6
D 83 9291 2 16 84 24 6
D 89 9381 2 60 78 62 6
D 88 9379 2 55 89 63 6
L 92 9390 -1094
D 91 9389 2 71 92 73 6
D 90 9387 2 66 91 74 6
D 94 9381 2 60 61 62 13
D 93 9379 2 55 94 63 13
D 87 9383 2 88 90 93 6
D 86 9375 2 27 87 79 6
D 96 9289 2 17 25 19 6
D 97 9293 2 21 85 23 6
D 98 9289 2 17 18 19 13
D 95 9291 2 96 97 98 6
D 102 9373 2 45 82 47 6
D 101 9371 2 40 102 48 6
D 100 9367 2 28 101 50 6
D 103 9383 2 54 90 76 6
D 106 9373 2 45 46 47 13
D 105 9371 2 40 106 48 13
D 104 9367 2 28 105 50 13
D 99 9375 2 100 103 104 6
D 108 9289 2 19 18 17 6
D 109 9289 2 19 25 17 13
D 107 9291 2 108 97 109 6
D 113 9365 2 34 52 36 6
D 112 9363 2 29 113 37 6
D 115 9365 2 34 35 36 13
D 114 9363 2 29 115 37 13
D 111 9367 2 112 39 114 6
D 116 9367 2 112 80 114 13
D 110 9375 2 111 103 116 6
D 118 9293 2 21 85 23 22
D 119 9289 2 19 18 17 25
D 120 9293 2 21 22 23 13
D 121 9289 2 19 25 17 6
D 117 9291 3 16 118 119 120 121 13
D 14 9295 5 15 26 83 86 95 99 107 110 117 6
L 124 7334 -224
D 123 7333 2 10 124 8 6
D 122 7331 2 2 123 11 6
D 129 9389 2 73 92 71 6
D 128 9387 2 66 129 74 6
D 127 9383 2 54 128 76 6
D 126 9375 2 27 127 79 6
D 133 9381 2 62 61 60 6
D 132 9379 2 55 133 63 6
D 135 9381 2 62 78 60 13
D 134 9379 2 55 135 63 13
D 131 9383 2 132 90 134 6
D 130 9375 2 27 131 79 6
D 139 9373 2 47 46 45 6
D 138 9371 2 40 139 48 6
D 137 9367 2 28 138 50 6
D 142 9373 2 47 82 45 13
D 141 9371 2 40 142 48 13
D 140 9367 2 28 141 50 13
D 136 9375 2 137 103 140 6
D 146 9365 2 36 35 34 6
D 145 9363 2 29 146 37 6
D 148 9365 2 36 52 34 13
D 147 9363 2 29 148 37 13
D 144 9367 2 145 39 147 6
D 149 9367 2 145 80 147 13
D 143 9375 2 144 103 149 6
D 125 9295 5 15 126 83 130 95 136 107 143 117 6
D 151 7329 2 3 12 5 6
D 152 7333 2 8 124 10 6
D 153 7329 2 3 4 5 13
D 150 7331 2 151 152 153 6
D 158 9385 2 67 75 69 6
D 159 9385 2 67 68 69 13
D 157 9387 2 158 91 159 6
D 156 9383 2 54 157 76 6
D 155 9375 2 27 156 79 6
D 163 9377 2 56 64 58 6
D 164 9377 2 56 57 58 13
D 162 9379 2 163 59 164 6
D 165 9379 2 163 77 164 13
D 161 9383 2 162 90 165 6
D 160 9375 2 27 161 79 6
D 169 9369 2 41 49 43 6
D 170 9369 2 41 42 43 13
D 168 9371 2 169 44 170 6
D 167 9367 2 28 168 50 6
D 172 9371 2 169 81 170 13
D 171 9367 2 28 172 50 13
D 166 9375 2 167 103 171 6
D 176 9361 2 30 38 32 6
D 177 9361 2 30 31 32 13
D 175 9363 2 176 33 177 6
D 178 9363 2 176 51 177 13
D 174 9367 2 175 39 178 6
D 179 9367 2 175 80 178 13
D 173 9375 2 174 103 179 6
D 154 9295 5 15 155 83 160 95 166 107 173 117 6
D 181 7329 2 5 4 3 6
D 182 7329 2 5 12 3 13
D 180 7331 2 181 152 182 6
D 187 9385 2 69 68 67 6
D 188 9385 2 69 75 67 13
D 186 9387 2 187 91 188 6
D 185 9383 2 54 186 76 6
D 184 9375 2 27 185 79 6
D 192 9377 2 58 57 56 6
D 193 9377 2 58 64 56 13
D 191 9379 2 192 59 193 6
D 194 9379 2 192 77 193 13
D 190 9383 2 191 90 194 6
D 189 9375 2 27 190 79 6
D 198 9369 2 43 42 41 6
D 199 9369 2 43 49 41 13
D 197 9371 2 198 44 199 6
D 196 9367 2 28 197 50 6
D 201 9371 2 198 81 199 13
D 200 9367 2 28 201 50 13
D 195 9375 2 196 103 200 6
D 205 9361 2 32 31 30 6
D 206 9361 2 32 38 30 13
D 204 9363 2 205 33 206 6
D 207 9363 2 205 51 206 13
D 203 9367 2 204 39 207 6
D 208 9367 2 204 80 207 13
D 202 9375 2 203 103 208 6
D 183 9295 5 15 184 83 189 95 195 107 202 117 6
D 210 7333 2 8 124 10 9
D 211 7329 2 5 4 3 12
D 212 7333 2 8 9 10 13
D 213 7329 2 5 12 3 6
D 209 7331 3 2 210 211 212 213 13
D 0 7335 5 1 14 122 125 150 154 180 183 209 6
