c ids of sdd nodes start at 0
c sdd nodes appear bottom-up, children before parents
c
c file syntax:
c sdd count-of-sdd-nodes
c F id-of-false-sdd-node
c T id-of-true-sdd-node
c L id-of-literal-sdd-node id-of-vtree literal
c D id-of-decomposition-sdd-node id-of-vtree number-of-elements {id-of-prime id-of-sub}*
c
sdd 100
L 3 7328 -221
L 4 7330 -222
L 5 7328 221
F 6
D 2 7329 2 3 4 5 6
L 8 7332 -223
L 9 7334 224
L 10 7332 223
D 7 7333 2 8 9 10 6
L 12 7330 222
T 13
D 11 7329 2 3 12 5 13
D 1 7331 2 2 7 11 6
L 16 8736 -235
L 17 8738 236
L 18 8736 235
D 15 8737 2 16 17 18 6
L 22 8780 -1103
L 23 8782 -1104
L 24 8780 1103
D 21 8781 2 22 23 24 6
L 26 8784 -1105
L 27 8786 -1106
L 28 8784 1105
D 25 8785 2 26 27 28 6
L 30 8782 1104
D 29 8781 2 22 30 24 13
D 20 8783 2 21 25 29 6
L 33 8788 -1107
L 34 8790 -1108
L 35 8788 1107
D 32 8789 2 33 34 35 6
L 37 8792 -1109
L 38 8794 1110
L 39 8792 1109
D 36 8793 2 37 38 39 6
L 41 8790 1108
D 40 8789 2 33 41 35 13
D 31 8791 2 32 36 40 6
L 44 8786 1106
D 43 8785 2 26 44 28 13
D 42 8783 2 21 43 29 13
D 19 8787 2 20 31 42 6
L 46 8738 -236
D 45 8737 2 18 46 16 6
D 49 8785 2 26 44 28 6
D 48 8783 2 21 49 29 6
L 52 8794 -1110
D 51 8793 2 37 52 39 6
D 50 8791 2 32 51 40 6
D 54 8785 2 26 27 28 13
D 53 8783 2 21 54 29 13
D 47 8787 2 48 50 53 6
D 55 8737 2 16 46 18 17
D 14 8739 3 15 19 45 47 55 6
L 58 7334 -224
D 57 7333 2 10 58 8 6
D 56 7331 2 2 57 11 6
D 62 8793 2 39 52 37 6
D 61 8791 2 32 62 40 6
D 60 8787 2 20 61 42 6
D 65 8785 2 28 27 26 6
D 64 8783 2 21 65 29 6
D 67 8785 2 28 44 26 13
D 66 8783 2 21 67 29 13
D 63 8787 2 64 50 66 6
D 59 8739 3 15 60 45 63 55 6
D 69 7329 2 3 12 5 6
D 70 7333 2 8 58 10 6
D 71 7329 2 3 4 5 13
D 68 7331 2 69 70 71 6
D 75 8789 2 33 41 35 6
D 76 8789 2 33 34 35 13
D 74 8791 2 75 51 76 6
D 73 8787 2 20 74 42 6
D 79 8781 2 22 30 24 6
D 80 8781 2 22 23 24 13
D 78 8783 2 79 25 80 6
D 81 8783 2 79 43 80 13
D 77 8787 2 78 50 81 6
D 72 8739 3 15 73 45 77 55 6
D 83 7329 2 5 4 3 6
D 84 7329 2 5 12 3 13
D 82 7331 2 83 70 84 6
D 88 8789 2 35 34 33 6
D 89 8789 2 35 41 33 13
D 87 8791 2 88 51 89 6
D 86 8787 2 20 87 42 6
D 92 8781 2 24 23 22 6
D 93 8781 2 24 30 22 13
D 91 8783 2 92 25 93 6
D 94 8783 2 92 43 93 13
D 90 8787 2 91 50 94 6
D 85 8739 3 15 86 45 90 55 6
D 96 7333 2 8 58 10 9
D 97 7329 2 5 4 3 12
D 98 7333 2 8 9 10 13
D 99 7329 2 5 12 3 6
D 95 7331 3 2 96 97 98 99 13
D 0 7335 5 1 14 56 59 68 72 82 85 95 6
