c ids of sdd nodes start at 0
c sdd nodes appear bottom-up, children before parents
c
c file syntax:
c sdd count-of-sdd-nodes
c F id-of-false-sdd-node
c T id-of-true-sdd-node
c L id-of-literal-sdd-node id-of-vtree literal
c D id-of-decomposition-sdd-node id-of-vtree number-of-elements {id-of-prime id-of-sub}*
c
sdd 214
L 3 1792 -85
L 4 1794 -86
L 5 1792 85
F 6
D 2 1793 2 3 4 5 6
L 8 1796 -87
L 9 1798 88
L 10 1796 87
D 7 1797 2 8 9 10 6
L 12 1794 86
T 13
D 11 1793 2 3 12 5 13
D 1 1795 2 2 7 11 6
L 17 1872 -91
L 18 1874 -92
L 19 1872 91
D 16 1873 2 17 18 19 6
L 21 1876 -93
L 22 1878 94
L 23 1876 93
D 20 1877 2 21 22 23 6
L 25 1874 92
D 24 1873 2 17 25 19 13
D 15 1875 2 16 20 24 6
L 30 1912 -1143
L 31 1914 -1144
L 32 1912 1143
D 29 1913 2 30 31 32 6
L 34 1916 -1145
L 35 1918 -1146
L 36 1916 1145
D 33 1917 2 34 35 36 6
L 38 1914 1144
D 37 1913 2 30 38 32 13
D 28 1915 2 29 33 37 6
L 41 1920 -1147
L 42 1922 -1148
L 43 1920 1147
D 40 1921 2 41 42 43 6
L 45 1924 -1149
L 46 1926 -1150
L 47 1924 1149
D 44 1925 2 45 46 47 6
L 49 1922 1148
D 48 1921 2 41 49 43 13
D 39 1923 2 40 44 48 6
L 52 1918 1146
D 51 1917 2 34 52 36 13
D 50 1915 2 29 51 37 13
D 27 1919 2 28 39 50 6
L 56 1928 -1151
L 57 1930 -1152
L 58 1928 1151
D 55 1929 2 56 57 58 6
L 60 1932 -1153
L 61 1934 -1154
L 62 1932 1153
D 59 1933 2 60 61 62 6
L 64 1930 1152
D 63 1929 2 56 64 58 13
D 54 1931 2 55 59 63 6
L 67 1936 -1155
L 68 1938 -1156
L 69 1936 1155
D 66 1937 2 67 68 69 6
L 71 1940 -1157
L 72 1942 1158
L 73 1940 1157
D 70 1941 2 71 72 73 6
L 75 1938 1156
D 74 1937 2 67 75 69 13
D 65 1939 2 66 70 74 6
L 78 1934 1154
D 77 1933 2 60 78 62 13
D 76 1931 2 55 77 63 13
D 53 1935 2 54 65 76 6
L 82 1926 1150
D 81 1925 2 45 82 47 13
D 80 1923 2 40 81 48 13
D 79 1919 2 28 80 50 13
D 26 1927 2 27 53 79 6
L 85 1878 -94
D 84 1877 2 23 85 21 6
D 83 1875 2 16 84 24 6
L 90 1942 -1158
D 89 1941 2 73 90 71 6
D 88 1939 2 66 89 74 6
D 87 1935 2 54 88 76 6
D 86 1927 2 27 87 79 6
D 92 1873 2 17 25 19 6
D 93 1877 2 21 85 23 6
D 94 1873 2 17 18 19 13
D 91 1875 2 92 93 94 6
D 98 1937 2 67 75 69 6
D 99 1941 2 71 90 73 6
D 100 1937 2 67 68 69 13
D 97 1939 2 98 99 100 6
D 96 1935 2 54 97 76 6
D 95 1927 2 27 96 79 6
D 102 1873 2 19 18 17 6
D 103 1873 2 19 25 17 13
D 101 1875 2 102 93 103 6
D 107 1937 2 69 68 67 6
D 108 1937 2 69 75 67 13
D 106 1939 2 107 99 108 6
D 105 1935 2 54 106 76 6
D 104 1927 2 27 105 79 6
D 110 1877 2 21 85 23 22
D 111 1873 2 19 18 17 25
D 112 1877 2 21 22 23 13
D 113 1873 2 19 25 17 6
D 109 1875 3 16 110 111 112 113 13
D 14 1879 5 15 26 83 86 91 95 101 104 109 6
L 116 1798 -88
D 115 1797 2 10 116 8 6
D 114 1795 2 2 115 11 6
D 121 1933 2 60 78 62 6
D 120 1931 2 55 121 63 6
D 122 1939 2 66 99 74 6
D 124 1933 2 60 61 62 13
D 123 1931 2 55 124 63 13
D 119 1935 2 120 122 123 6
D 118 1927 2 27 119 79 6
D 128 1933 2 62 61 60 6
D 127 1931 2 55 128 63 6
D 130 1933 2 62 78 60 13
D 129 1931 2 55 130 63 13
D 126 1935 2 127 122 129 6
D 125 1927 2 27 126 79 6
D 134 1929 2 56 64 58 6
D 135 1929 2 56 57 58 13
D 133 1931 2 134 59 135 6
D 136 1931 2 134 77 135 13
D 132 1935 2 133 122 136 6
D 131 1927 2 27 132 79 6
D 140 1929 2 58 57 56 6
D 141 1929 2 58 64 56 13
D 139 1931 2 140 59 141 6
D 142 1931 2 140 77 141 13
D 138 1935 2 139 122 142 6
D 137 1927 2 27 138 79 6
D 117 1879 5 15 118 83 125 91 131 101 137 109 6
D 144 1793 2 3 12 5 6
D 145 1797 2 8 116 10 6
D 146 1793 2 3 4 5 13
D 143 1795 2 144 145 146 6
D 151 1925 2 45 82 47 6
D 150 1923 2 40 151 48 6
D 149 1919 2 28 150 50 6
D 152 1935 2 54 122 76 6
D 155 1925 2 45 46 47 13
D 154 1923 2 40 155 48 13
D 153 1919 2 28 154 50 13
D 148 1927 2 149 152 153 6
D 159 1925 2 47 46 45 6
D 158 1923 2 40 159 48 6
D 157 1919 2 28 158 50 6
D 162 1925 2 47 82 45 13
D 161 1923 2 40 162 48 13
D 160 1919 2 28 161 50 13
D 156 1927 2 157 152 160 6
D 166 1921 2 41 49 43 6
D 167 1921 2 41 42 43 13
D 165 1923 2 166 44 167 6
D 164 1919 2 28 165 50 6
D 169 1923 2 166 81 167 13
D 168 1919 2 28 169 50 13
D 163 1927 2 164 152 168 6
D 173 1921 2 43 42 41 6
D 174 1921 2 43 49 41 13
D 172 1923 2 173 44 174 6
D 171 1919 2 28 172 50 6
D 176 1923 2 173 81 174 13
D 175 1919 2 28 176 50 13
D 170 1927 2 171 152 175 6
D 147 1879 5 15 148 83 156 91 163 101 170 109 6
D 178 1793 2 5 4 3 6
D 179 1793 2 5 12 3 13
D 177 1795 2 178 145 179 6
D 184 1917 2 34 52 36 6
D 183 1915 2 29 184 37 6
D 186 1917 2 34 35 36 13
D 185 1915 2 29 186 37 13
D 182 1919 2 183 39 185 6
D 187 1919 2 183 80 185 13
D 181 1927 2 182 152 187 6
D 191 1917 2 36 35 34 6
D 190 1915 2 29 191 37 6
D 193 1917 2 36 52 34 13
D 192 1915 2 29 193 37 13
D 189 1919 2 190 39 192 6
D 194 1919 2 190 80 192 13
D 188 1927 2 189 152 194 6
D 198 1913 2 30 38 32 6
D 199 1913 2 30 31 32 13
D 197 1915 2 198 33 199 6
D 200 1915 2 198 51 199 13
D 196 1919 2 197 39 200 6
D 201 1919 2 197 80 200 13
D 195 1927 2 196 152 201 6
D 205 1913 2 32 31 30 6
D 206 1913 2 32 38 30 13
D 204 1915 2 205 33 206 6
D 207 1915 2 205 51 206 13
D 203 1919 2 204 39 207 6
D 208 1919 2 204 80 207 13
D 202 1927 2 203 152 208 6
D 180 1879 5 15 181 83 188 91 195 101 202 109 6
D 210 1797 2 8 116 10 9
D 211 1793 2 5 4 3 12
D 212 1797 2 8 9 10 13
D 213 1793 2 5 12 3 6
D 209 1795 3 2 210 211 212 213 13
D 0 1799 5 1 14 114 117 143 147 177 180 209 6
