c ids of sdd nodes start at 0
c sdd nodes appear bottom-up, children before parents
c
c file syntax:
c sdd count-of-sdd-nodes
c F id-of-false-sdd-node
c T id-of-true-sdd-node
c L id-of-literal-sdd-node id-of-vtree literal
c D id-of-decomposition-sdd-node id-of-vtree number-of-elements {id-of-prime id-of-sub}*
c
sdd 100
L 3 600 -151
L 4 602 -152
L 5 600 151
F 6
D 2 601 2 3 4 5 6
L 8 604 -153
L 9 606 154
L 10 604 153
D 7 605 2 8 9 10 6
L 12 602 152
T 13
D 11 601 2 3 12 5 13
D 1 603 2 2 7 11 6
L 16 5496 -173
L 17 5498 174
L 18 5496 173
D 15 5497 2 16 17 18 6
L 22 5540 -1219
L 23 5542 -1220
L 24 5540 1219
D 21 5541 2 22 23 24 6
L 26 5544 -1221
L 27 5546 -1222
L 28 5544 1221
D 25 5545 2 26 27 28 6
L 30 5542 1220
D 29 5541 2 22 30 24 13
D 20 5543 2 21 25 29 6
L 33 5548 -1223
L 34 5550 -1224
L 35 5548 1223
D 32 5549 2 33 34 35 6
L 37 5552 -1225
L 38 5554 1226
L 39 5552 1225
D 36 5553 2 37 38 39 6
L 41 5550 1224
D 40 5549 2 33 41 35 13
D 31 5551 2 32 36 40 6
L 44 5546 1222
D 43 5545 2 26 44 28 13
D 42 5543 2 21 43 29 13
D 19 5547 2 20 31 42 6
L 46 5498 -174
D 45 5497 2 18 46 16 6
D 49 5545 2 26 44 28 6
D 48 5543 2 21 49 29 6
L 52 5554 -1226
D 51 5553 2 37 52 39 6
D 50 5551 2 32 51 40 6
D 54 5545 2 26 27 28 13
D 53 5543 2 21 54 29 13
D 47 5547 2 48 50 53 6
D 55 5497 2 16 46 18 17
D 14 5499 3 15 19 45 47 55 6
L 58 606 -154
D 57 605 2 10 58 8 6
D 56 603 2 2 57 11 6
D 62 5553 2 39 52 37 6
D 61 5551 2 32 62 40 6
D 60 5547 2 20 61 42 6
D 65 5545 2 28 27 26 6
D 64 5543 2 21 65 29 6
D 67 5545 2 28 44 26 13
D 66 5543 2 21 67 29 13
D 63 5547 2 64 50 66 6
D 59 5499 3 15 60 45 63 55 6
D 69 601 2 3 12 5 6
D 70 605 2 8 58 10 6
D 71 601 2 3 4 5 13
D 68 603 2 69 70 71 6
D 75 5549 2 33 41 35 6
D 76 5549 2 33 34 35 13
D 74 5551 2 75 51 76 6
D 73 5547 2 20 74 42 6
D 79 5541 2 22 30 24 6
D 80 5541 2 22 23 24 13
D 78 5543 2 79 25 80 6
D 81 5543 2 79 43 80 13
D 77 5547 2 78 50 81 6
D 72 5499 3 15 73 45 77 55 6
D 83 601 2 5 4 3 6
D 84 601 2 5 12 3 13
D 82 603 2 83 70 84 6
D 88 5549 2 35 34 33 6
D 89 5549 2 35 41 33 13
D 87 5551 2 88 51 89 6
D 86 5547 2 20 87 42 6
D 92 5541 2 24 23 22 6
D 93 5541 2 24 30 22 13
D 91 5543 2 92 25 93 6
D 94 5543 2 92 43 93 13
D 90 5547 2 91 50 94 6
D 85 5499 3 15 86 45 90 55 6
D 96 605 2 8 58 10 9
D 97 601 2 5 4 3 12
D 98 605 2 8 9 10 13
D 99 601 2 5 12 3 6
D 95 603 3 2 96 97 98 99 13
D 0 607 5 1 14 56 59 68 72 82 85 95 6
