c ids of sdd nodes start at 0
c sdd nodes appear bottom-up, children before parents
c
c file syntax:
c sdd count-of-sdd-nodes
c F id-of-false-sdd-node
c T id-of-true-sdd-node
c L id-of-literal-sdd-node id-of-vtree literal
c D id-of-decomposition-sdd-node id-of-vtree number-of-elements {id-of-prime id-of-sub}*
c
sdd 100
L 3 7216 -203
L 4 7218 -204
L 5 7216 203
F 6
D 2 7217 2 3 4 5 6
L 8 7220 -205
L 9 7222 206
L 10 7220 205
D 7 7221 2 8 9 10 6
L 12 7218 204
T 13
D 11 7217 2 3 12 5 13
D 1 7219 2 2 7 11 6
L 16 7440 -225
L 17 7442 226
L 18 7440 225
D 15 7441 2 16 17 18 6
L 22 7444 -1239
L 23 7446 -1240
L 24 7444 1239
D 21 7445 2 22 23 24 6
L 26 7448 -1241
L 27 7450 -1242
L 28 7448 1241
D 25 7449 2 26 27 28 6
L 30 7446 1240
D 29 7445 2 22 30 24 13
D 20 7447 2 21 25 29 6
L 33 7452 -1243
L 34 7454 -1244
L 35 7452 1243
D 32 7453 2 33 34 35 6
L 37 7456 -1245
L 38 7458 1246
L 39 7456 1245
D 36 7457 2 37 38 39 6
L 41 7454 1244
D 40 7453 2 33 41 35 13
D 31 7455 2 32 36 40 6
L 44 7450 1242
D 43 7449 2 26 44 28 13
D 42 7447 2 21 43 29 13
D 19 7451 2 20 31 42 6
L 46 7442 -226
D 45 7441 2 18 46 16 6
D 49 7449 2 26 44 28 6
D 48 7447 2 21 49 29 6
L 52 7458 -1246
D 51 7457 2 37 52 39 6
D 50 7455 2 32 51 40 6
D 54 7449 2 26 27 28 13
D 53 7447 2 21 54 29 13
D 47 7451 2 48 50 53 6
D 55 7441 2 16 46 18 17
D 14 7443 3 15 19 45 47 55 6
L 58 7222 -206
D 57 7221 2 10 58 8 6
D 56 7219 2 2 57 11 6
D 62 7457 2 39 52 37 6
D 61 7455 2 32 62 40 6
D 60 7451 2 20 61 42 6
D 65 7449 2 28 27 26 6
D 64 7447 2 21 65 29 6
D 67 7449 2 28 44 26 13
D 66 7447 2 21 67 29 13
D 63 7451 2 64 50 66 6
D 59 7443 3 15 60 45 63 55 6
D 69 7217 2 3 12 5 6
D 70 7221 2 8 58 10 6
D 71 7217 2 3 4 5 13
D 68 7219 2 69 70 71 6
D 75 7453 2 33 41 35 6
D 76 7453 2 33 34 35 13
D 74 7455 2 75 51 76 6
D 73 7451 2 20 74 42 6
D 79 7445 2 22 30 24 6
D 80 7445 2 22 23 24 13
D 78 7447 2 79 25 80 6
D 81 7447 2 79 43 80 13
D 77 7451 2 78 50 81 6
D 72 7443 3 15 73 45 77 55 6
D 83 7217 2 5 4 3 6
D 84 7217 2 5 12 3 13
D 82 7219 2 83 70 84 6
D 88 7453 2 35 34 33 6
D 89 7453 2 35 41 33 13
D 87 7455 2 88 51 89 6
D 86 7451 2 20 87 42 6
D 92 7445 2 24 23 22 6
D 93 7445 2 24 30 22 13
D 91 7447 2 92 25 93 6
D 94 7447 2 92 43 93 13
D 90 7451 2 91 50 94 6
D 85 7443 3 15 86 45 90 55 6
D 96 7221 2 8 58 10 9
D 97 7217 2 5 4 3 12
D 98 7221 2 8 9 10 13
D 99 7217 2 5 12 3 6
D 95 7219 3 2 96 97 98 99 13
D 0 7223 5 1 14 56 59 68 72 82 85 95 6
