c ids of sdd nodes start at 0
c sdd nodes appear bottom-up, children before parents
c
c file syntax:
c sdd count-of-sdd-nodes
c F id-of-false-sdd-node
c T id-of-true-sdd-node
c L id-of-literal-sdd-node id-of-vtree literal
c D id-of-decomposition-sdd-node id-of-vtree number-of-elements {id-of-prime id-of-sub}*
c
sdd 214
L 3 7088 -211
L 4 7090 -212
L 5 7088 211
F 6
D 2 7089 2 3 4 5 6
L 8 7092 -213
L 9 7094 214
L 10 7092 213
D 7 7093 2 8 9 10 6
L 12 7090 212
T 13
D 11 7089 2 3 12 5 13
D 1 7091 2 2 7 11 6
L 17 7840 -207
L 18 7842 -208
L 19 7840 207
D 16 7841 2 17 18 19 6
L 21 7844 -209
L 22 7846 210
L 23 7844 209
D 20 7845 2 21 22 23 6
L 25 7842 208
D 24 7841 2 17 25 19 13
D 15 7843 2 16 20 24 6
L 30 7848 -1247
L 31 7850 -1248
L 32 7848 1247
D 29 7849 2 30 31 32 6
L 34 7852 -1249
L 35 7854 -1250
L 36 7852 1249
D 33 7853 2 34 35 36 6
L 38 7850 1248
D 37 7849 2 30 38 32 13
D 28 7851 2 29 33 37 6
L 41 7856 -1251
L 42 7858 -1252
L 43 7856 1251
D 40 7857 2 41 42 43 6
L 45 7860 -1253
L 46 7862 -1254
L 47 7860 1253
D 44 7861 2 45 46 47 6
L 49 7858 1252
D 48 7857 2 41 49 43 13
D 39 7859 2 40 44 48 6
L 52 7854 1250
D 51 7853 2 34 52 36 13
D 50 7851 2 29 51 37 13
D 27 7855 2 28 39 50 6
L 56 7864 -1255
L 57 7866 -1256
L 58 7864 1255
D 55 7865 2 56 57 58 6
L 60 7868 -1257
L 61 7870 -1258
L 62 7868 1257
D 59 7869 2 60 61 62 6
L 64 7866 1256
D 63 7865 2 56 64 58 13
D 54 7867 2 55 59 63 6
L 67 7872 -1259
L 68 7874 -1260
L 69 7872 1259
D 66 7873 2 67 68 69 6
L 71 7876 -1261
L 72 7878 1262
L 73 7876 1261
D 70 7877 2 71 72 73 6
L 75 7874 1260
D 74 7873 2 67 75 69 13
D 65 7875 2 66 70 74 6
L 78 7870 1258
D 77 7869 2 60 78 62 13
D 76 7867 2 55 77 63 13
D 53 7871 2 54 65 76 6
L 82 7862 1254
D 81 7861 2 45 82 47 13
D 80 7859 2 40 81 48 13
D 79 7855 2 28 80 50 13
D 26 7863 2 27 53 79 6
L 85 7846 -210
D 84 7845 2 23 85 21 6
D 83 7843 2 16 84 24 6
L 90 7878 -1262
D 89 7877 2 73 90 71 6
D 88 7875 2 66 89 74 6
D 87 7871 2 54 88 76 6
D 86 7863 2 27 87 79 6
D 92 7841 2 17 25 19 6
D 93 7845 2 21 85 23 6
D 94 7841 2 17 18 19 13
D 91 7843 2 92 93 94 6
D 98 7873 2 67 75 69 6
D 99 7877 2 71 90 73 6
D 100 7873 2 67 68 69 13
D 97 7875 2 98 99 100 6
D 96 7871 2 54 97 76 6
D 95 7863 2 27 96 79 6
D 102 7841 2 19 18 17 6
D 103 7841 2 19 25 17 13
D 101 7843 2 102 93 103 6
D 107 7873 2 69 68 67 6
D 108 7873 2 69 75 67 13
D 106 7875 2 107 99 108 6
D 105 7871 2 54 106 76 6
D 104 7863 2 27 105 79 6
D 110 7845 2 21 85 23 22
D 111 7841 2 19 18 17 25
D 112 7845 2 21 22 23 13
D 113 7841 2 19 25 17 6
D 109 7843 3 16 110 111 112 113 13
D 14 7847 5 15 26 83 86 91 95 101 104 109 6
L 116 7094 -214
D 115 7093 2 10 116 8 6
D 114 7091 2 2 115 11 6
D 121 7869 2 60 78 62 6
D 120 7867 2 55 121 63 6
D 122 7875 2 66 99 74 6
D 124 7869 2 60 61 62 13
D 123 7867 2 55 124 63 13
D 119 7871 2 120 122 123 6
D 118 7863 2 27 119 79 6
D 128 7869 2 62 61 60 6
D 127 7867 2 55 128 63 6
D 130 7869 2 62 78 60 13
D 129 7867 2 55 130 63 13
D 126 7871 2 127 122 129 6
D 125 7863 2 27 126 79 6
D 134 7865 2 56 64 58 6
D 135 7865 2 56 57 58 13
D 133 7867 2 134 59 135 6
D 136 7867 2 134 77 135 13
D 132 7871 2 133 122 136 6
D 131 7863 2 27 132 79 6
D 140 7865 2 58 57 56 6
D 141 7865 2 58 64 56 13
D 139 7867 2 140 59 141 6
D 142 7867 2 140 77 141 13
D 138 7871 2 139 122 142 6
D 137 7863 2 27 138 79 6
D 117 7847 5 15 118 83 125 91 131 101 137 109 6
D 144 7089 2 3 12 5 6
D 145 7093 2 8 116 10 6
D 146 7089 2 3 4 5 13
D 143 7091 2 144 145 146 6
D 151 7861 2 45 82 47 6
D 150 7859 2 40 151 48 6
D 149 7855 2 28 150 50 6
D 152 7871 2 54 122 76 6
D 155 7861 2 45 46 47 13
D 154 7859 2 40 155 48 13
D 153 7855 2 28 154 50 13
D 148 7863 2 149 152 153 6
D 159 7861 2 47 46 45 6
D 158 7859 2 40 159 48 6
D 157 7855 2 28 158 50 6
D 162 7861 2 47 82 45 13
D 161 7859 2 40 162 48 13
D 160 7855 2 28 161 50 13
D 156 7863 2 157 152 160 6
D 166 7857 2 41 49 43 6
D 167 7857 2 41 42 43 13
D 165 7859 2 166 44 167 6
D 164 7855 2 28 165 50 6
D 169 7859 2 166 81 167 13
D 168 7855 2 28 169 50 13
D 163 7863 2 164 152 168 6
D 173 7857 2 43 42 41 6
D 174 7857 2 43 49 41 13
D 172 7859 2 173 44 174 6
D 171 7855 2 28 172 50 6
D 176 7859 2 173 81 174 13
D 175 7855 2 28 176 50 13
D 170 7863 2 171 152 175 6
D 147 7847 5 15 148 83 156 91 163 101 170 109 6
D 178 7089 2 5 4 3 6
D 179 7089 2 5 12 3 13
D 177 7091 2 178 145 179 6
D 184 7853 2 34 52 36 6
D 183 7851 2 29 184 37 6
D 186 7853 2 34 35 36 13
D 185 7851 2 29 186 37 13
D 182 7855 2 183 39 185 6
D 187 7855 2 183 80 185 13
D 181 7863 2 182 152 187 6
D 191 7853 2 36 35 34 6
D 190 7851 2 29 191 37 6
D 193 7853 2 36 52 34 13
D 192 7851 2 29 193 37 13
D 189 7855 2 190 39 192 6
D 194 7855 2 190 80 192 13
D 188 7863 2 189 152 194 6
D 198 7849 2 30 38 32 6
D 199 7849 2 30 31 32 13
D 197 7851 2 198 33 199 6
D 200 7851 2 198 51 199 13
D 196 7855 2 197 39 200 6
D 201 7855 2 197 80 200 13
D 195 7863 2 196 152 201 6
D 205 7849 2 32 31 30 6
D 206 7849 2 32 38 30 13
D 204 7851 2 205 33 206 6
D 207 7851 2 205 51 206 13
D 203 7855 2 204 39 207 6
D 208 7855 2 204 80 207 13
D 202 7863 2 203 152 208 6
D 180 7847 5 15 181 83 188 91 195 101 202 109 6
D 210 7093 2 8 116 10 9
D 211 7089 2 5 4 3 12
D 212 7093 2 8 9 10 13
D 213 7089 2 5 12 3 6
D 209 7091 3 2 210 211 212 213 13
D 0 7095 5 1 14 114 117 143 147 177 180 209 6
