c ids of sdd nodes start at 0
c sdd nodes appear bottom-up, children before parents
c
c file syntax:
c sdd count-of-sdd-nodes
c F id-of-false-sdd-node
c T id-of-true-sdd-node
c L id-of-literal-sdd-node id-of-vtree literal
c D id-of-decomposition-sdd-node id-of-vtree number-of-elements {id-of-prime id-of-sub}*
c
sdd 214
L 3 6864 -199
L 4 6866 -200
L 5 6864 199
F 6
D 2 6865 2 3 4 5 6
L 8 6868 -201
L 9 6870 202
L 10 6868 201
D 7 6869 2 8 9 10 6
L 12 6866 200
T 13
D 11 6865 2 3 12 5 13
D 1 6867 2 2 7 11 6
L 17 7136 -215
L 18 7138 -216
L 19 7136 215
D 16 7137 2 17 18 19 6
L 21 7140 -217
L 22 7142 218
L 23 7140 217
D 20 7141 2 21 22 23 6
L 25 7138 216
D 24 7137 2 17 25 19 13
D 15 7139 2 16 20 24 6
L 30 7144 -1271
L 31 7146 -1272
L 32 7144 1271
D 29 7145 2 30 31 32 6
L 34 7148 -1273
L 35 7150 -1274
L 36 7148 1273
D 33 7149 2 34 35 36 6
L 38 7146 1272
D 37 7145 2 30 38 32 13
D 28 7147 2 29 33 37 6
L 41 7152 -1275
L 42 7154 -1276
L 43 7152 1275
D 40 7153 2 41 42 43 6
L 45 7156 -1277
L 46 7158 -1278
L 47 7156 1277
D 44 7157 2 45 46 47 6
L 49 7154 1276
D 48 7153 2 41 49 43 13
D 39 7155 2 40 44 48 6
L 52 7150 1274
D 51 7149 2 34 52 36 13
D 50 7147 2 29 51 37 13
D 27 7151 2 28 39 50 6
L 56 7160 -1279
L 57 7162 -1280
L 58 7160 1279
D 55 7161 2 56 57 58 6
L 60 7164 -1281
L 61 7166 -1282
L 62 7164 1281
D 59 7165 2 60 61 62 6
L 64 7162 1280
D 63 7161 2 56 64 58 13
D 54 7163 2 55 59 63 6
L 67 7168 -1283
L 68 7170 -1284
L 69 7168 1283
D 66 7169 2 67 68 69 6
L 71 7172 -1285
L 72 7174 1286
L 73 7172 1285
D 70 7173 2 71 72 73 6
L 75 7170 1284
D 74 7169 2 67 75 69 13
D 65 7171 2 66 70 74 6
L 78 7166 1282
D 77 7165 2 60 78 62 13
D 76 7163 2 55 77 63 13
D 53 7167 2 54 65 76 6
L 82 7158 1278
D 81 7157 2 45 82 47 13
D 80 7155 2 40 81 48 13
D 79 7151 2 28 80 50 13
D 26 7159 2 27 53 79 6
L 85 7142 -218
D 84 7141 2 23 85 21 6
D 83 7139 2 16 84 24 6
D 89 7165 2 60 78 62 6
D 88 7163 2 55 89 63 6
L 92 7174 -1286
D 91 7173 2 71 92 73 6
D 90 7171 2 66 91 74 6
D 94 7165 2 60 61 62 13
D 93 7163 2 55 94 63 13
D 87 7167 2 88 90 93 6
D 86 7159 2 27 87 79 6
D 96 7137 2 17 25 19 6
D 97 7141 2 21 85 23 6
D 98 7137 2 17 18 19 13
D 95 7139 2 96 97 98 6
D 102 7157 2 45 82 47 6
D 101 7155 2 40 102 48 6
D 100 7151 2 28 101 50 6
D 103 7167 2 54 90 76 6
D 106 7157 2 45 46 47 13
D 105 7155 2 40 106 48 13
D 104 7151 2 28 105 50 13
D 99 7159 2 100 103 104 6
D 108 7137 2 19 18 17 6
D 109 7137 2 19 25 17 13
D 107 7139 2 108 97 109 6
D 113 7149 2 34 52 36 6
D 112 7147 2 29 113 37 6
D 115 7149 2 34 35 36 13
D 114 7147 2 29 115 37 13
D 111 7151 2 112 39 114 6
D 116 7151 2 112 80 114 13
D 110 7159 2 111 103 116 6
D 118 7141 2 21 85 23 22
D 119 7137 2 19 18 17 25
D 120 7141 2 21 22 23 13
D 121 7137 2 19 25 17 6
D 117 7139 3 16 118 119 120 121 13
D 14 7143 5 15 26 83 86 95 99 107 110 117 6
L 124 6870 -202
D 123 6869 2 10 124 8 6
D 122 6867 2 2 123 11 6
D 129 7173 2 73 92 71 6
D 128 7171 2 66 129 74 6
D 127 7167 2 54 128 76 6
D 126 7159 2 27 127 79 6
D 133 7165 2 62 61 60 6
D 132 7163 2 55 133 63 6
D 135 7165 2 62 78 60 13
D 134 7163 2 55 135 63 13
D 131 7167 2 132 90 134 6
D 130 7159 2 27 131 79 6
D 139 7157 2 47 46 45 6
D 138 7155 2 40 139 48 6
D 137 7151 2 28 138 50 6
D 142 7157 2 47 82 45 13
D 141 7155 2 40 142 48 13
D 140 7151 2 28 141 50 13
D 136 7159 2 137 103 140 6
D 146 7149 2 36 35 34 6
D 145 7147 2 29 146 37 6
D 148 7149 2 36 52 34 13
D 147 7147 2 29 148 37 13
D 144 7151 2 145 39 147 6
D 149 7151 2 145 80 147 13
D 143 7159 2 144 103 149 6
D 125 7143 5 15 126 83 130 95 136 107 143 117 6
D 151 6865 2 3 12 5 6
D 152 6869 2 8 124 10 6
D 153 6865 2 3 4 5 13
D 150 6867 2 151 152 153 6
D 158 7169 2 67 75 69 6
D 159 7169 2 67 68 69 13
D 157 7171 2 158 91 159 6
D 156 7167 2 54 157 76 6
D 155 7159 2 27 156 79 6
D 163 7161 2 56 64 58 6
D 164 7161 2 56 57 58 13
D 162 7163 2 163 59 164 6
D 165 7163 2 163 77 164 13
D 161 7167 2 162 90 165 6
D 160 7159 2 27 161 79 6
D 169 7153 2 41 49 43 6
D 170 7153 2 41 42 43 13
D 168 7155 2 169 44 170 6
D 167 7151 2 28 168 50 6
D 172 7155 2 169 81 170 13
D 171 7151 2 28 172 50 13
D 166 7159 2 167 103 171 6
D 176 7145 2 30 38 32 6
D 177 7145 2 30 31 32 13
D 175 7147 2 176 33 177 6
D 178 7147 2 176 51 177 13
D 174 7151 2 175 39 178 6
D 179 7151 2 175 80 178 13
D 173 7159 2 174 103 179 6
D 154 7143 5 15 155 83 160 95 166 107 173 117 6
D 181 6865 2 5 4 3 6
D 182 6865 2 5 12 3 13
D 180 6867 2 181 152 182 6
D 187 7169 2 69 68 67 6
D 188 7169 2 69 75 67 13
D 186 7171 2 187 91 188 6
D 185 7167 2 54 186 76 6
D 184 7159 2 27 185 79 6
D 192 7161 2 58 57 56 6
D 193 7161 2 58 64 56 13
D 191 7163 2 192 59 193 6
D 194 7163 2 192 77 193 13
D 190 7167 2 191 90 194 6
D 189 7159 2 27 190 79 6
D 198 7153 2 43 42 41 6
D 199 7153 2 43 49 41 13
D 197 7155 2 198 44 199 6
D 196 7151 2 28 197 50 6
D 201 7155 2 198 81 199 13
D 200 7151 2 28 201 50 13
D 195 7159 2 196 103 200 6
D 205 7145 2 32 31 30 6
D 206 7145 2 32 38 30 13
D 204 7147 2 205 33 206 6
D 207 7147 2 205 51 206 13
D 203 7151 2 204 39 207 6
D 208 7151 2 204 80 207 13
D 202 7159 2 203 103 208 6
D 183 7143 5 15 184 83 189 95 195 107 202 117 6
D 210 6869 2 8 124 10 9
D 211 6865 2 5 4 3 12
D 212 6869 2 8 9 10 13
D 213 6865 2 5 12 3 6
D 209 6867 3 2 210 211 212 213 13
D 0 6871 5 1 14 122 125 150 154 180 183 209 6
