c ids of sdd nodes start at 0
c sdd nodes appear bottom-up, children before parents
c
c file syntax:
c sdd count-of-sdd-nodes
c F id-of-false-sdd-node
c T id-of-true-sdd-node
c L id-of-literal-sdd-node id-of-vtree literal
c D id-of-decomposition-sdd-node id-of-vtree number-of-elements {id-of-prime id-of-sub}*
c
sdd 214
L 3 600 -151
L 4 602 -152
L 5 600 151
F 6
D 2 601 2 3 4 5 6
L 8 604 -153
L 9 606 154
L 10 604 153
D 7 605 2 8 9 10 6
L 12 602 152
T 13
D 11 601 2 3 12 5 13
D 1 603 2 2 7 11 6
L 17 5256 -169
L 18 5258 -170
L 19 5256 169
D 16 5257 2 17 18 19 6
L 21 5260 -171
L 22 5262 172
L 23 5260 171
D 20 5261 2 21 22 23 6
L 25 5258 170
D 24 5257 2 17 25 19 13
D 15 5259 2 16 20 24 6
L 30 5344 -1295
L 31 5346 -1296
L 32 5344 1295
D 29 5345 2 30 31 32 6
L 34 5348 -1297
L 35 5350 -1298
L 36 5348 1297
D 33 5349 2 34 35 36 6
L 38 5346 1296
D 37 5345 2 30 38 32 13
D 28 5347 2 29 33 37 6
L 41 5352 -1299
L 42 5354 -1300
L 43 5352 1299
D 40 5353 2 41 42 43 6
L 45 5356 -1301
L 46 5358 -1302
L 47 5356 1301
D 44 5357 2 45 46 47 6
L 49 5354 1300
D 48 5353 2 41 49 43 13
D 39 5355 2 40 44 48 6
L 52 5350 1298
D 51 5349 2 34 52 36 13
D 50 5347 2 29 51 37 13
D 27 5351 2 28 39 50 6
L 56 5360 -1303
L 57 5362 -1304
L 58 5360 1303
D 55 5361 2 56 57 58 6
L 60 5364 -1305
L 61 5366 -1306
L 62 5364 1305
D 59 5365 2 60 61 62 6
L 64 5362 1304
D 63 5361 2 56 64 58 13
D 54 5363 2 55 59 63 6
L 67 5368 -1307
L 68 5370 -1308
L 69 5368 1307
D 66 5369 2 67 68 69 6
L 71 5372 -1309
L 72 5374 1310
L 73 5372 1309
D 70 5373 2 71 72 73 6
L 75 5370 1308
D 74 5369 2 67 75 69 13
D 65 5371 2 66 70 74 6
L 78 5366 1306
D 77 5365 2 60 78 62 13
D 76 5363 2 55 77 63 13
D 53 5367 2 54 65 76 6
L 82 5358 1302
D 81 5357 2 45 82 47 13
D 80 5355 2 40 81 48 13
D 79 5351 2 28 80 50 13
D 26 5359 2 27 53 79 6
L 85 5262 -172
D 84 5261 2 23 85 21 6
D 83 5259 2 16 84 24 6
L 90 5374 -1310
D 89 5373 2 73 90 71 6
D 88 5371 2 66 89 74 6
D 87 5367 2 54 88 76 6
D 86 5359 2 27 87 79 6
D 92 5257 2 17 25 19 6
D 93 5261 2 21 85 23 6
D 94 5257 2 17 18 19 13
D 91 5259 2 92 93 94 6
D 98 5369 2 67 75 69 6
D 99 5373 2 71 90 73 6
D 100 5369 2 67 68 69 13
D 97 5371 2 98 99 100 6
D 96 5367 2 54 97 76 6
D 95 5359 2 27 96 79 6
D 102 5257 2 19 18 17 6
D 103 5257 2 19 25 17 13
D 101 5259 2 102 93 103 6
D 107 5369 2 69 68 67 6
D 108 5369 2 69 75 67 13
D 106 5371 2 107 99 108 6
D 105 5367 2 54 106 76 6
D 104 5359 2 27 105 79 6
D 110 5261 2 21 85 23 22
D 111 5257 2 19 18 17 25
D 112 5261 2 21 22 23 13
D 113 5257 2 19 25 17 6
D 109 5259 3 16 110 111 112 113 13
D 14 5263 5 15 26 83 86 91 95 101 104 109 6
L 116 606 -154
D 115 605 2 10 116 8 6
D 114 603 2 2 115 11 6
D 121 5365 2 60 78 62 6
D 120 5363 2 55 121 63 6
D 122 5371 2 66 99 74 6
D 124 5365 2 60 61 62 13
D 123 5363 2 55 124 63 13
D 119 5367 2 120 122 123 6
D 118 5359 2 27 119 79 6
D 128 5365 2 62 61 60 6
D 127 5363 2 55 128 63 6
D 130 5365 2 62 78 60 13
D 129 5363 2 55 130 63 13
D 126 5367 2 127 122 129 6
D 125 5359 2 27 126 79 6
D 134 5361 2 56 64 58 6
D 135 5361 2 56 57 58 13
D 133 5363 2 134 59 135 6
D 136 5363 2 134 77 135 13
D 132 5367 2 133 122 136 6
D 131 5359 2 27 132 79 6
D 140 5361 2 58 57 56 6
D 141 5361 2 58 64 56 13
D 139 5363 2 140 59 141 6
D 142 5363 2 140 77 141 13
D 138 5367 2 139 122 142 6
D 137 5359 2 27 138 79 6
D 117 5263 5 15 118 83 125 91 131 101 137 109 6
D 144 601 2 3 12 5 6
D 145 605 2 8 116 10 6
D 146 601 2 3 4 5 13
D 143 603 2 144 145 146 6
D 151 5357 2 45 82 47 6
D 150 5355 2 40 151 48 6
D 149 5351 2 28 150 50 6
D 152 5367 2 54 122 76 6
D 155 5357 2 45 46 47 13
D 154 5355 2 40 155 48 13
D 153 5351 2 28 154 50 13
D 148 5359 2 149 152 153 6
D 159 5357 2 47 46 45 6
D 158 5355 2 40 159 48 6
D 157 5351 2 28 158 50 6
D 162 5357 2 47 82 45 13
D 161 5355 2 40 162 48 13
D 160 5351 2 28 161 50 13
D 156 5359 2 157 152 160 6
D 166 5353 2 41 49 43 6
D 167 5353 2 41 42 43 13
D 165 5355 2 166 44 167 6
D 164 5351 2 28 165 50 6
D 169 5355 2 166 81 167 13
D 168 5351 2 28 169 50 13
D 163 5359 2 164 152 168 6
D 173 5353 2 43 42 41 6
D 174 5353 2 43 49 41 13
D 172 5355 2 173 44 174 6
D 171 5351 2 28 172 50 6
D 176 5355 2 173 81 174 13
D 175 5351 2 28 176 50 13
D 170 5359 2 171 152 175 6
D 147 5263 5 15 148 83 156 91 163 101 170 109 6
D 178 601 2 5 4 3 6
D 179 601 2 5 12 3 13
D 177 603 2 178 145 179 6
D 184 5349 2 34 52 36 6
D 183 5347 2 29 184 37 6
D 186 5349 2 34 35 36 13
D 185 5347 2 29 186 37 13
D 182 5351 2 183 39 185 6
D 187 5351 2 183 80 185 13
D 181 5359 2 182 152 187 6
D 191 5349 2 36 35 34 6
D 190 5347 2 29 191 37 6
D 193 5349 2 36 52 34 13
D 192 5347 2 29 193 37 13
D 189 5351 2 190 39 192 6
D 194 5351 2 190 80 192 13
D 188 5359 2 189 152 194 6
D 198 5345 2 30 38 32 6
D 199 5345 2 30 31 32 13
D 197 5347 2 198 33 199 6
D 200 5347 2 198 51 199 13
D 196 5351 2 197 39 200 6
D 201 5351 2 197 80 200 13
D 195 5359 2 196 152 201 6
D 205 5345 2 32 31 30 6
D 206 5345 2 32 38 30 13
D 204 5347 2 205 33 206 6
D 207 5347 2 205 51 206 13
D 203 5351 2 204 39 207 6
D 208 5351 2 204 80 207 13
D 202 5359 2 203 152 208 6
D 180 5263 5 15 181 83 188 91 195 101 202 109 6
D 210 605 2 8 116 10 9
D 211 601 2 5 4 3 12
D 212 605 2 8 9 10 13
D 213 601 2 5 12 3 6
D 209 603 3 2 210 211 212 213 13
D 0 607 5 1 14 114 117 143 147 177 180 209 6
