c ids of sdd nodes start at 0
c sdd nodes appear bottom-up, children before parents
c
c file syntax:
c sdd count-of-sdd-nodes
c F id-of-false-sdd-node
c T id-of-true-sdd-node
c L id-of-literal-sdd-node id-of-vtree literal
c D id-of-decomposition-sdd-node id-of-vtree number-of-elements {id-of-prime id-of-sub}*
c
sdd 214
L 3 2632 -25
L 4 2634 -26
L 5 2632 25
F 6
D 2 2633 2 3 4 5 6
L 8 2636 -27
L 9 2638 28
L 10 2636 27
D 7 2637 2 8 9 10 6
L 12 2634 26
T 13
D 11 2633 2 3 12 5 13
D 1 2635 2 2 7 11 6
L 17 2952 -51
L 18 2954 -52
L 19 2952 51
D 16 2953 2 17 18 19 6
L 21 2956 -53
L 22 2958 54
L 23 2956 53
D 20 2957 2 21 22 23 6
L 25 2954 52
D 24 2953 2 17 25 19 13
D 15 2955 2 16 20 24 6
L 30 2960 -375
L 31 2962 -376
L 32 2960 375
D 29 2961 2 30 31 32 6
L 34 2964 -377
L 35 2966 -378
L 36 2964 377
D 33 2965 2 34 35 36 6
L 38 2962 376
D 37 2961 2 30 38 32 13
D 28 2963 2 29 33 37 6
L 41 2968 -379
L 42 2970 -380
L 43 2968 379
D 40 2969 2 41 42 43 6
L 45 2972 -381
L 46 2974 -382
L 47 2972 381
D 44 2973 2 45 46 47 6
L 49 2970 380
D 48 2969 2 41 49 43 13
D 39 2971 2 40 44 48 6
L 52 2966 378
D 51 2965 2 34 52 36 13
D 50 2963 2 29 51 37 13
D 27 2967 2 28 39 50 6
L 56 2976 -383
L 57 2978 -384
L 58 2976 383
D 55 2977 2 56 57 58 6
L 60 2980 -385
L 61 2982 -386
L 62 2980 385
D 59 2981 2 60 61 62 6
L 64 2978 384
D 63 2977 2 56 64 58 13
D 54 2979 2 55 59 63 6
L 67 2984 -387
L 68 2986 -388
L 69 2984 387
D 66 2985 2 67 68 69 6
L 71 2988 -389
L 72 2990 390
L 73 2988 389
D 70 2989 2 71 72 73 6
L 75 2986 388
D 74 2985 2 67 75 69 13
D 65 2987 2 66 70 74 6
L 78 2982 386
D 77 2981 2 60 78 62 13
D 76 2979 2 55 77 63 13
D 53 2983 2 54 65 76 6
L 82 2974 382
D 81 2973 2 45 82 47 13
D 80 2971 2 40 81 48 13
D 79 2967 2 28 80 50 13
D 26 2975 2 27 53 79 6
L 85 2958 -54
D 84 2957 2 23 85 21 6
D 83 2955 2 16 84 24 6
L 90 2990 -390
D 89 2989 2 73 90 71 6
D 88 2987 2 66 89 74 6
D 87 2983 2 54 88 76 6
D 86 2975 2 27 87 79 6
D 92 2953 2 17 25 19 6
D 93 2957 2 21 85 23 6
D 94 2953 2 17 18 19 13
D 91 2955 2 92 93 94 6
D 98 2985 2 67 75 69 6
D 99 2989 2 71 90 73 6
D 100 2985 2 67 68 69 13
D 97 2987 2 98 99 100 6
D 96 2983 2 54 97 76 6
D 95 2975 2 27 96 79 6
D 102 2953 2 19 18 17 6
D 103 2953 2 19 25 17 13
D 101 2955 2 102 93 103 6
D 107 2985 2 69 68 67 6
D 108 2985 2 69 75 67 13
D 106 2987 2 107 99 108 6
D 105 2983 2 54 106 76 6
D 104 2975 2 27 105 79 6
D 110 2957 2 21 85 23 22
D 111 2953 2 19 18 17 25
D 112 2957 2 21 22 23 13
D 113 2953 2 19 25 17 6
D 109 2955 3 16 110 111 112 113 13
D 14 2959 5 15 26 83 86 91 95 101 104 109 6
L 116 2638 -28
D 115 2637 2 10 116 8 6
D 114 2635 2 2 115 11 6
D 121 2981 2 60 78 62 6
D 120 2979 2 55 121 63 6
D 122 2987 2 66 99 74 6
D 124 2981 2 60 61 62 13
D 123 2979 2 55 124 63 13
D 119 2983 2 120 122 123 6
D 118 2975 2 27 119 79 6
D 128 2981 2 62 61 60 6
D 127 2979 2 55 128 63 6
D 130 2981 2 62 78 60 13
D 129 2979 2 55 130 63 13
D 126 2983 2 127 122 129 6
D 125 2975 2 27 126 79 6
D 134 2977 2 56 64 58 6
D 135 2977 2 56 57 58 13
D 133 2979 2 134 59 135 6
D 136 2979 2 134 77 135 13
D 132 2983 2 133 122 136 6
D 131 2975 2 27 132 79 6
D 140 2977 2 58 57 56 6
D 141 2977 2 58 64 56 13
D 139 2979 2 140 59 141 6
D 142 2979 2 140 77 141 13
D 138 2983 2 139 122 142 6
D 137 2975 2 27 138 79 6
D 117 2959 5 15 118 83 125 91 131 101 137 109 6
D 144 2633 2 3 12 5 6
D 145 2637 2 8 116 10 6
D 146 2633 2 3 4 5 13
D 143 2635 2 144 145 146 6
D 151 2973 2 45 82 47 6
D 150 2971 2 40 151 48 6
D 149 2967 2 28 150 50 6
D 152 2983 2 54 122 76 6
D 155 2973 2 45 46 47 13
D 154 2971 2 40 155 48 13
D 153 2967 2 28 154 50 13
D 148 2975 2 149 152 153 6
D 159 2973 2 47 46 45 6
D 158 2971 2 40 159 48 6
D 157 2967 2 28 158 50 6
D 162 2973 2 47 82 45 13
D 161 2971 2 40 162 48 13
D 160 2967 2 28 161 50 13
D 156 2975 2 157 152 160 6
D 166 2969 2 41 49 43 6
D 167 2969 2 41 42 43 13
D 165 2971 2 166 44 167 6
D 164 2967 2 28 165 50 6
D 169 2971 2 166 81 167 13
D 168 2967 2 28 169 50 13
D 163 2975 2 164 152 168 6
D 173 2969 2 43 42 41 6
D 174 2969 2 43 49 41 13
D 172 2971 2 173 44 174 6
D 171 2967 2 28 172 50 6
D 176 2971 2 173 81 174 13
D 175 2967 2 28 176 50 13
D 170 2975 2 171 152 175 6
D 147 2959 5 15 148 83 156 91 163 101 170 109 6
D 178 2633 2 5 4 3 6
D 179 2633 2 5 12 3 13
D 177 2635 2 178 145 179 6
D 184 2965 2 34 52 36 6
D 183 2963 2 29 184 37 6
D 186 2965 2 34 35 36 13
D 185 2963 2 29 186 37 13
D 182 2967 2 183 39 185 6
D 187 2967 2 183 80 185 13
D 181 2975 2 182 152 187 6
D 191 2965 2 36 35 34 6
D 190 2963 2 29 191 37 6
D 193 2965 2 36 52 34 13
D 192 2963 2 29 193 37 13
D 189 2967 2 190 39 192 6
D 194 2967 2 190 80 192 13
D 188 2975 2 189 152 194 6
D 198 2961 2 30 38 32 6
D 199 2961 2 30 31 32 13
D 197 2963 2 198 33 199 6
D 200 2963 2 198 51 199 13
D 196 2967 2 197 39 200 6
D 201 2967 2 197 80 200 13
D 195 2975 2 196 152 201 6
D 205 2961 2 32 31 30 6
D 206 2961 2 32 38 30 13
D 204 2963 2 205 33 206 6
D 207 2963 2 205 51 206 13
D 203 2967 2 204 39 207 6
D 208 2967 2 204 80 207 13
D 202 2975 2 203 152 208 6
D 180 2959 5 15 181 83 188 91 195 101 202 109 6
D 210 2637 2 8 116 10 9
D 211 2633 2 5 4 3 12
D 212 2637 2 8 9 10 13
D 213 2633 2 5 12 3 6
D 209 2635 3 2 210 211 212 213 13
D 0 2639 5 1 14 114 117 143 147 177 180 209 6
