c ids of sdd nodes start at 0
c sdd nodes appear bottom-up, children before parents
c
c file syntax:
c sdd count-of-sdd-nodes
c F id-of-false-sdd-node
c T id-of-true-sdd-node
c L id-of-literal-sdd-node id-of-vtree literal
c D id-of-decomposition-sdd-node id-of-vtree number-of-elements {id-of-prime id-of-sub}*
c
sdd 100
L 3 5256 -169
L 4 5258 -170
L 5 5256 169
F 6
D 2 5257 2 3 4 5 6
L 8 5260 -171
L 9 5262 172
L 10 5260 171
D 7 5261 2 8 9 10 6
L 12 5258 170
T 13
D 11 5257 2 3 12 5 13
D 1 5259 2 2 7 11 6
L 16 5808 -175
L 17 5810 176
L 18 5808 175
D 15 5809 2 16 17 18 6
L 22 5812 -1367
L 23 5814 -1368
L 24 5812 1367
D 21 5813 2 22 23 24 6
L 26 5816 -1369
L 27 5818 -1370
L 28 5816 1369
D 25 5817 2 26 27 28 6
L 30 5814 1368
D 29 5813 2 22 30 24 13
D 20 5815 2 21 25 29 6
L 33 5820 -1371
L 34 5822 -1372
L 35 5820 1371
D 32 5821 2 33 34 35 6
L 37 5824 -1373
L 38 5826 1374
L 39 5824 1373
D 36 5825 2 37 38 39 6
L 41 5822 1372
D 40 5821 2 33 41 35 13
D 31 5823 2 32 36 40 6
L 44 5818 1370
D 43 5817 2 26 44 28 13
D 42 5815 2 21 43 29 13
D 19 5819 2 20 31 42 6
L 46 5810 -176
D 45 5809 2 18 46 16 6
D 49 5817 2 26 44 28 6
D 48 5815 2 21 49 29 6
L 52 5826 -1374
D 51 5825 2 37 52 39 6
D 50 5823 2 32 51 40 6
D 54 5817 2 26 27 28 13
D 53 5815 2 21 54 29 13
D 47 5819 2 48 50 53 6
D 55 5809 2 16 46 18 17
D 14 5811 3 15 19 45 47 55 6
L 58 5262 -172
D 57 5261 2 10 58 8 6
D 56 5259 2 2 57 11 6
D 62 5825 2 39 52 37 6
D 61 5823 2 32 62 40 6
D 60 5819 2 20 61 42 6
D 65 5817 2 28 27 26 6
D 64 5815 2 21 65 29 6
D 67 5817 2 28 44 26 13
D 66 5815 2 21 67 29 13
D 63 5819 2 64 50 66 6
D 59 5811 3 15 60 45 63 55 6
D 69 5257 2 3 12 5 6
D 70 5261 2 8 58 10 6
D 71 5257 2 3 4 5 13
D 68 5259 2 69 70 71 6
D 75 5821 2 33 41 35 6
D 76 5821 2 33 34 35 13
D 74 5823 2 75 51 76 6
D 73 5819 2 20 74 42 6
D 79 5813 2 22 30 24 6
D 80 5813 2 22 23 24 13
D 78 5815 2 79 25 80 6
D 81 5815 2 79 43 80 13
D 77 5819 2 78 50 81 6
D 72 5811 3 15 73 45 77 55 6
D 83 5257 2 5 4 3 6
D 84 5257 2 5 12 3 13
D 82 5259 2 83 70 84 6
D 88 5821 2 35 34 33 6
D 89 5821 2 35 41 33 13
D 87 5823 2 88 51 89 6
D 86 5819 2 20 87 42 6
D 92 5813 2 24 23 22 6
D 93 5813 2 24 30 22 13
D 91 5815 2 92 25 93 6
D 94 5815 2 92 43 93 13
D 90 5819 2 91 50 94 6
D 85 5811 3 15 86 45 90 55 6
D 96 5261 2 8 58 10 9
D 97 5257 2 5 4 3 12
D 98 5261 2 8 9 10 13
D 99 5257 2 5 12 3 6
D 95 5259 3 2 96 97 98 99 13
D 0 5263 5 1 14 56 59 68 72 82 85 95 6
