c ids of sdd nodes start at 0
c sdd nodes appear bottom-up, children before parents
c
c file syntax:
c sdd count-of-sdd-nodes
c F id-of-false-sdd-node
c T id-of-true-sdd-node
c L id-of-literal-sdd-node id-of-vtree literal
c D id-of-decomposition-sdd-node id-of-vtree number-of-elements {id-of-prime id-of-sub}*
c
sdd 98
L 2 8 -117
L 3 10 118
L 4 8 117
F 5
D 1 9 2 2 3 4 5
L 9 600 -151
L 10 602 -152
L 11 600 151
D 8 601 2 9 10 11 5
L 13 604 -153
L 14 606 154
L 15 604 153
D 12 605 2 13 14 15 5
L 17 602 152
T 18
D 16 601 2 9 17 11 18
D 7 603 2 8 12 16 5
L 22 640 -1395
L 23 642 -1396
L 24 640 1395
D 21 641 2 22 23 24 5
L 26 644 -1397
L 27 646 -1398
L 28 644 1397
D 25 645 2 26 27 28 5
L 30 642 1396
D 29 641 2 22 30 24 18
D 20 643 2 21 25 29 5
L 33 648 -1399
L 34 650 -1400
L 35 648 1399
D 32 649 2 33 34 35 5
L 37 652 -1401
L 38 654 1402
L 39 652 1401
D 36 653 2 37 38 39 5
L 41 650 1400
D 40 649 2 33 41 35 18
D 31 651 2 32 36 40 5
L 44 646 1398
D 43 645 2 26 44 28 18
D 42 643 2 21 43 29 18
D 19 647 2 20 31 42 5
L 47 606 -154
D 46 605 2 15 47 13 5
D 45 603 2 8 46 16 5
L 51 654 -1402
D 50 653 2 39 51 37 5
D 49 651 2 32 50 40 5
D 48 647 2 20 49 42 5
D 53 601 2 9 17 11 5
D 54 605 2 13 47 15 5
D 55 601 2 9 10 11 18
D 52 603 2 53 54 55 5
D 58 649 2 33 41 35 5
D 59 653 2 37 51 39 5
D 60 649 2 33 34 35 18
D 57 651 2 58 59 60 5
D 56 647 2 20 57 42 5
D 62 601 2 11 10 9 5
D 63 601 2 11 17 9 18
D 61 603 2 62 54 63 5
D 66 649 2 35 34 33 5
D 67 649 2 35 41 33 18
D 65 651 2 66 59 67 5
D 64 647 2 20 65 42 5
D 69 605 2 13 47 15 14
D 70 601 2 11 10 9 17
D 71 605 2 13 14 15 18
D 72 601 2 11 17 9 5
D 68 603 3 8 69 70 71 72 18
D 6 607 5 7 19 45 48 52 56 61 64 68 5
L 74 10 -118
D 73 9 2 4 74 2 5
D 78 645 2 26 44 28 5
D 77 643 2 21 78 29 5
D 79 651 2 32 59 40 5
D 81 645 2 26 27 28 18
D 80 643 2 21 81 29 18
D 76 647 2 77 79 80 5
D 84 645 2 28 27 26 5
D 83 643 2 21 84 29 5
D 86 645 2 28 44 26 18
D 85 643 2 21 86 29 18
D 82 647 2 83 79 85 5
D 89 641 2 22 30 24 5
D 90 641 2 22 23 24 18
D 88 643 2 89 25 90 5
D 91 643 2 89 43 90 18
D 87 647 2 88 79 91 5
D 94 641 2 24 23 22 5
D 95 641 2 24 30 22 18
D 93 643 2 94 25 95 5
D 96 643 2 94 43 95 18
D 92 647 2 93 79 96 5
D 75 607 5 7 76 45 82 52 87 61 92 68 5
D 97 9 2 2 74 4 3
D 0 11 3 1 6 73 75 97 5
