c ids of sdd nodes start at 0
c sdd nodes appear bottom-up, children before parents
c
c file syntax:
c sdd count-of-sdd-nodes
c F id-of-false-sdd-node
c T id-of-true-sdd-node
c L id-of-literal-sdd-node id-of-vtree literal
c D id-of-decomposition-sdd-node id-of-vtree number-of-elements {id-of-prime id-of-sub}*
c
sdd 100
L 3 1048 -145
L 4 1050 -146
L 5 1048 145
F 6
D 2 1049 2 3 4 5 6
L 8 1052 -147
L 9 1054 148
L 10 1052 147
D 7 1053 2 8 9 10 6
L 12 1050 146
T 13
D 11 1049 2 3 12 5 13
D 1 1051 2 2 7 11 6
L 16 5496 -173
L 17 5498 174
L 18 5496 173
D 15 5497 2 16 17 18 6
L 22 5556 -1411
L 23 5558 -1412
L 24 5556 1411
D 21 5557 2 22 23 24 6
L 26 5560 -1413
L 27 5562 -1414
L 28 5560 1413
D 25 5561 2 26 27 28 6
L 30 5558 1412
D 29 5557 2 22 30 24 13
D 20 5559 2 21 25 29 6
L 33 5564 -1415
L 34 5566 -1416
L 35 5564 1415
D 32 5565 2 33 34 35 6
L 37 5568 -1417
L 38 5570 1418
L 39 5568 1417
D 36 5569 2 37 38 39 6
L 41 5566 1416
D 40 5565 2 33 41 35 13
D 31 5567 2 32 36 40 6
L 44 5562 1414
D 43 5561 2 26 44 28 13
D 42 5559 2 21 43 29 13
D 19 5563 2 20 31 42 6
L 46 5498 -174
D 45 5497 2 18 46 16 6
D 49 5561 2 26 44 28 6
D 48 5559 2 21 49 29 6
L 52 5570 -1418
D 51 5569 2 37 52 39 6
D 50 5567 2 32 51 40 6
D 54 5561 2 26 27 28 13
D 53 5559 2 21 54 29 13
D 47 5563 2 48 50 53 6
D 55 5497 2 16 46 18 17
D 14 5499 3 15 19 45 47 55 6
L 58 1054 -148
D 57 1053 2 10 58 8 6
D 56 1051 2 2 57 11 6
D 62 5569 2 39 52 37 6
D 61 5567 2 32 62 40 6
D 60 5563 2 20 61 42 6
D 65 5561 2 28 27 26 6
D 64 5559 2 21 65 29 6
D 67 5561 2 28 44 26 13
D 66 5559 2 21 67 29 13
D 63 5563 2 64 50 66 6
D 59 5499 3 15 60 45 63 55 6
D 69 1049 2 3 12 5 6
D 70 1053 2 8 58 10 6
D 71 1049 2 3 4 5 13
D 68 1051 2 69 70 71 6
D 75 5565 2 33 41 35 6
D 76 5565 2 33 34 35 13
D 74 5567 2 75 51 76 6
D 73 5563 2 20 74 42 6
D 79 5557 2 22 30 24 6
D 80 5557 2 22 23 24 13
D 78 5559 2 79 25 80 6
D 81 5559 2 79 43 80 13
D 77 5563 2 78 50 81 6
D 72 5499 3 15 73 45 77 55 6
D 83 1049 2 5 4 3 6
D 84 1049 2 5 12 3 13
D 82 1051 2 83 70 84 6
D 88 5565 2 35 34 33 6
D 89 5565 2 35 41 33 13
D 87 5567 2 88 51 89 6
D 86 5563 2 20 87 42 6
D 92 5557 2 24 23 22 6
D 93 5557 2 24 30 22 13
D 91 5559 2 92 25 93 6
D 94 5559 2 92 43 93 13
D 90 5563 2 91 50 94 6
D 85 5499 3 15 86 45 90 55 6
D 96 1053 2 8 58 10 9
D 97 1049 2 5 4 3 12
D 98 1053 2 8 9 10 13
D 99 1049 2 5 12 3 6
D 95 1051 3 2 96 97 98 99 13
D 0 1055 5 1 14 56 59 68 72 82 85 95 6
