c ids of sdd nodes start at 0
c sdd nodes appear bottom-up, children before parents
c
c file syntax:
c sdd count-of-sdd-nodes
c F id-of-false-sdd-node
c T id-of-true-sdd-node
c L id-of-literal-sdd-node id-of-vtree literal
c D id-of-decomposition-sdd-node id-of-vtree number-of-elements {id-of-prime id-of-sub}*
c
sdd 90
L 2 5968 -121
L 3 5970 122
L 4 5968 121
F 5
D 1 5969 2 2 3 4 5
L 8 6232 -179
L 9 6234 180
L 10 6232 179
D 7 6233 2 8 9 10 5
L 13 6240 -105
L 14 6242 106
L 15 6240 105
D 12 6241 2 13 14 15 5
L 19 6276 -1483
L 20 6278 -1484
L 21 6276 1483
D 18 6277 2 19 20 21 5
L 23 6280 -1485
L 24 6282 -1486
L 25 6280 1485
D 22 6281 2 23 24 25 5
L 27 6278 1484
T 28
D 26 6277 2 19 27 21 28
D 17 6279 2 18 22 26 5
L 31 6284 -1487
L 32 6286 -1488
L 33 6284 1487
D 30 6285 2 31 32 33 5
L 35 6288 -1489
L 36 6290 1490
L 37 6288 1489
D 34 6289 2 35 36 37 5
L 39 6286 1488
D 38 6285 2 31 39 33 28
D 29 6287 2 30 34 38 5
L 42 6282 1486
D 41 6281 2 23 42 25 28
D 40 6279 2 18 41 26 28
D 16 6283 2 17 29 40 5
L 44 6242 -106
D 43 6241 2 15 44 13 5
D 47 6281 2 23 42 25 5
D 46 6279 2 18 47 26 5
L 50 6290 -1490
D 49 6289 2 35 50 37 5
D 48 6287 2 30 49 38 5
D 52 6281 2 23 24 25 28
D 51 6279 2 18 52 26 28
D 45 6283 2 46 48 51 5
D 53 6241 2 13 44 15 14
D 11 6243 3 12 16 43 45 53 5
L 55 6234 -180
D 54 6233 2 10 55 8 5
D 59 6285 2 31 39 33 5
D 60 6285 2 31 32 33 28
D 58 6287 2 59 49 60 5
D 57 6283 2 17 58 40 5
D 63 6277 2 19 27 21 5
D 64 6277 2 19 20 21 28
D 62 6279 2 63 22 64 5
D 65 6279 2 63 41 64 28
D 61 6283 2 62 48 65 5
D 56 6243 3 12 57 43 61 53 5
D 66 6233 2 8 55 10 9
D 6 6235 3 7 11 54 56 66 5
L 68 5970 -122
D 67 5969 2 4 68 2 5
D 73 6289 2 37 50 35 5
D 72 6287 2 30 73 38 5
D 71 6283 2 17 72 40 5
D 76 6281 2 25 24 23 5
D 75 6279 2 18 76 26 5
D 78 6281 2 25 42 23 28
D 77 6279 2 18 78 26 28
D 74 6283 2 75 48 77 5
D 70 6243 3 12 71 43 74 53 5
D 82 6285 2 33 32 31 5
D 83 6285 2 33 39 31 28
D 81 6287 2 82 49 83 5
D 80 6283 2 17 81 40 5
D 86 6277 2 21 20 19 5
D 87 6277 2 21 27 19 28
D 85 6279 2 86 22 87 5
D 88 6279 2 86 41 87 28
D 84 6283 2 85 48 88 5
D 79 6243 3 12 80 43 84 53 5
D 69 6235 3 7 70 54 79 66 5
D 89 5969 2 2 68 4 3
D 0 5971 3 1 6 67 69 89 5
