c ids of sdd nodes start at 0
c sdd nodes appear bottom-up, children before parents
c
c file syntax:
c sdd count-of-sdd-nodes
c F id-of-false-sdd-node
c T id-of-true-sdd-node
c L id-of-literal-sdd-node id-of-vtree literal
c D id-of-decomposition-sdd-node id-of-vtree number-of-elements {id-of-prime id-of-sub}*
c
sdd 100
L 3 1048 -145
L 4 1050 -146
L 5 1048 145
F 6
D 2 1049 2 3 4 5 6
L 8 1052 -147
L 9 1054 148
L 10 1052 147
D 7 1053 2 8 9 10 6
L 12 1050 146
T 13
D 11 1049 2 3 12 5 13
D 1 1051 2 2 7 11 6
L 16 5968 -121
L 17 5970 122
L 18 5968 121
D 15 5969 2 16 17 18 6
L 22 5996 -1519
L 23 5998 -1520
L 24 5996 1519
D 21 5997 2 22 23 24 6
L 26 6000 -1521
L 27 6002 -1522
L 28 6000 1521
D 25 6001 2 26 27 28 6
L 30 5998 1520
D 29 5997 2 22 30 24 13
D 20 5999 2 21 25 29 6
L 33 6004 -1523
L 34 6006 -1524
L 35 6004 1523
D 32 6005 2 33 34 35 6
L 37 6008 -1525
L 38 6010 1526
L 39 6008 1525
D 36 6009 2 37 38 39 6
L 41 6006 1524
D 40 6005 2 33 41 35 13
D 31 6007 2 32 36 40 6
L 44 6002 1522
D 43 6001 2 26 44 28 13
D 42 5999 2 21 43 29 13
D 19 6003 2 20 31 42 6
L 46 5970 -122
D 45 5969 2 18 46 16 6
L 50 6010 -1526
D 49 6009 2 39 50 37 6
D 48 6007 2 32 49 40 6
D 47 6003 2 20 48 42 6
D 51 5969 2 16 46 18 17
D 14 5971 3 15 19 45 47 51 6
L 54 1054 -148
D 53 1053 2 10 54 8 6
D 52 1051 2 2 53 11 6
D 58 6005 2 33 41 35 6
D 59 6009 2 37 50 39 6
D 60 6005 2 33 34 35 13
D 57 6007 2 58 59 60 6
D 56 6003 2 20 57 42 6
D 63 6005 2 35 34 33 6
D 64 6005 2 35 41 33 13
D 62 6007 2 63 59 64 6
D 61 6003 2 20 62 42 6
D 55 5971 3 15 56 45 61 51 6
D 66 1049 2 3 12 5 6
D 67 1053 2 8 54 10 6
D 68 1049 2 3 4 5 13
D 65 1051 2 66 67 68 6
D 72 6001 2 26 44 28 6
D 71 5999 2 21 72 29 6
D 73 6007 2 32 59 40 6
D 75 6001 2 26 27 28 13
D 74 5999 2 21 75 29 13
D 70 6003 2 71 73 74 6
D 78 6001 2 28 27 26 6
D 77 5999 2 21 78 29 6
D 80 6001 2 28 44 26 13
D 79 5999 2 21 80 29 13
D 76 6003 2 77 73 79 6
D 69 5971 3 15 70 45 76 51 6
D 82 1049 2 5 4 3 6
D 83 1049 2 5 12 3 13
D 81 1051 2 82 67 83 6
D 87 5997 2 22 30 24 6
D 88 5997 2 22 23 24 13
D 86 5999 2 87 25 88 6
D 89 5999 2 87 43 88 13
D 85 6003 2 86 73 89 6
D 92 5997 2 24 23 22 6
D 93 5997 2 24 30 22 13
D 91 5999 2 92 25 93 6
D 94 5999 2 92 43 93 13
D 90 6003 2 91 73 94 6
D 84 5971 3 15 85 45 90 51 6
D 96 1053 2 8 54 10 9
D 97 1049 2 5 4 3 12
D 98 1053 2 8 9 10 13
D 99 1049 2 5 12 3 6
D 95 1051 3 2 96 97 98 99 13
D 0 1055 5 1 14 52 55 65 69 81 84 95 6
