c ids of sdd nodes start at 0
c sdd nodes appear bottom-up, children before parents
c
c file syntax:
c sdd count-of-sdd-nodes
c F id-of-false-sdd-node
c T id-of-true-sdd-node
c L id-of-literal-sdd-node id-of-vtree literal
c D id-of-decomposition-sdd-node id-of-vtree number-of-elements {id-of-prime id-of-sub}*
c
sdd 98
L 2 24 -115
L 3 26 116
L 4 24 115
F 5
D 1 25 2 2 3 4 5
L 9 216 -125
L 10 218 -126
L 11 216 125
D 8 217 2 9 10 11 5
L 13 220 -127
L 14 222 128
L 15 220 127
D 12 221 2 13 14 15 5
L 17 218 126
T 18
D 16 217 2 9 17 11 18
D 7 219 2 8 12 16 5
L 22 256 -1527
L 23 258 -1528
L 24 256 1527
D 21 257 2 22 23 24 5
L 26 260 -1529
L 27 262 -1530
L 28 260 1529
D 25 261 2 26 27 28 5
L 30 258 1528
D 29 257 2 22 30 24 18
D 20 259 2 21 25 29 5
L 33 264 -1531
L 34 266 -1532
L 35 264 1531
D 32 265 2 33 34 35 5
L 37 268 -1533
L 38 270 1534
L 39 268 1533
D 36 269 2 37 38 39 5
L 41 266 1532
D 40 265 2 33 41 35 18
D 31 267 2 32 36 40 5
L 44 262 1530
D 43 261 2 26 44 28 18
D 42 259 2 21 43 29 18
D 19 263 2 20 31 42 5
L 47 222 -128
D 46 221 2 15 47 13 5
D 45 219 2 8 46 16 5
L 51 270 -1534
D 50 269 2 39 51 37 5
D 49 267 2 32 50 40 5
D 48 263 2 20 49 42 5
D 53 217 2 9 17 11 5
D 54 221 2 13 47 15 5
D 55 217 2 9 10 11 18
D 52 219 2 53 54 55 5
D 58 265 2 33 41 35 5
D 59 269 2 37 51 39 5
D 60 265 2 33 34 35 18
D 57 267 2 58 59 60 5
D 56 263 2 20 57 42 5
D 62 217 2 11 10 9 5
D 63 217 2 11 17 9 18
D 61 219 2 62 54 63 5
D 66 265 2 35 34 33 5
D 67 265 2 35 41 33 18
D 65 267 2 66 59 67 5
D 64 263 2 20 65 42 5
D 69 221 2 13 47 15 14
D 70 217 2 11 10 9 17
D 71 221 2 13 14 15 18
D 72 217 2 11 17 9 5
D 68 219 3 8 69 70 71 72 18
D 6 223 5 7 19 45 48 52 56 61 64 68 5
L 74 26 -116
D 73 25 2 4 74 2 5
D 78 261 2 26 44 28 5
D 77 259 2 21 78 29 5
D 79 267 2 32 59 40 5
D 81 261 2 26 27 28 18
D 80 259 2 21 81 29 18
D 76 263 2 77 79 80 5
D 84 261 2 28 27 26 5
D 83 259 2 21 84 29 5
D 86 261 2 28 44 26 18
D 85 259 2 21 86 29 18
D 82 263 2 83 79 85 5
D 89 257 2 22 30 24 5
D 90 257 2 22 23 24 18
D 88 259 2 89 25 90 5
D 91 259 2 89 43 90 18
D 87 263 2 88 79 91 5
D 94 257 2 24 23 22 5
D 95 257 2 24 30 22 18
D 93 259 2 94 25 95 5
D 96 259 2 94 43 95 18
D 92 263 2 93 79 96 5
D 75 223 5 7 76 45 82 52 87 61 92 68 5
D 97 25 2 2 74 4 3
D 0 27 3 1 6 73 75 97 5
