c ids of sdd nodes start at 0
c sdd nodes appear bottom-up, children before parents
c
c file syntax:
c sdd count-of-sdd-nodes
c F id-of-false-sdd-node
c T id-of-true-sdd-node
c L id-of-literal-sdd-node id-of-vtree literal
c D id-of-decomposition-sdd-node id-of-vtree number-of-elements {id-of-prime id-of-sub}*
c
sdd 98
L 2 160 -119
L 3 162 120
L 4 160 119
F 5
D 1 161 2 2 3 4 5
L 9 216 -125
L 10 218 -126
L 11 216 125
D 8 217 2 9 10 11 5
L 13 220 -127
L 14 222 128
L 15 220 127
D 12 221 2 13 14 15 5
L 17 218 126
T 18
D 16 217 2 9 17 11 18
D 7 219 2 8 12 16 5
L 22 224 -399
L 23 226 -400
L 24 224 399
D 21 225 2 22 23 24 5
L 26 228 -401
L 27 230 -402
L 28 228 401
D 25 229 2 26 27 28 5
L 30 226 400
D 29 225 2 22 30 24 18
D 20 227 2 21 25 29 5
L 33 232 -403
L 34 234 -404
L 35 232 403
D 32 233 2 33 34 35 5
L 37 236 -405
L 38 238 406
L 39 236 405
D 36 237 2 37 38 39 5
L 41 234 404
D 40 233 2 33 41 35 18
D 31 235 2 32 36 40 5
L 44 230 402
D 43 229 2 26 44 28 18
D 42 227 2 21 43 29 18
D 19 231 2 20 31 42 5
L 47 222 -128
D 46 221 2 15 47 13 5
D 45 219 2 8 46 16 5
L 51 238 -406
D 50 237 2 39 51 37 5
D 49 235 2 32 50 40 5
D 48 231 2 20 49 42 5
D 53 217 2 9 17 11 5
D 54 221 2 13 47 15 5
D 55 217 2 9 10 11 18
D 52 219 2 53 54 55 5
D 58 233 2 33 41 35 5
D 59 237 2 37 51 39 5
D 60 233 2 33 34 35 18
D 57 235 2 58 59 60 5
D 56 231 2 20 57 42 5
D 62 217 2 11 10 9 5
D 63 217 2 11 17 9 18
D 61 219 2 62 54 63 5
D 66 233 2 35 34 33 5
D 67 233 2 35 41 33 18
D 65 235 2 66 59 67 5
D 64 231 2 20 65 42 5
D 69 221 2 13 47 15 14
D 70 217 2 11 10 9 17
D 71 221 2 13 14 15 18
D 72 217 2 11 17 9 5
D 68 219 3 8 69 70 71 72 18
D 6 223 5 7 19 45 48 52 56 61 64 68 5
L 74 162 -120
D 73 161 2 4 74 2 5
D 78 229 2 26 44 28 5
D 77 227 2 21 78 29 5
D 79 235 2 32 59 40 5
D 81 229 2 26 27 28 18
D 80 227 2 21 81 29 18
D 76 231 2 77 79 80 5
D 84 229 2 28 27 26 5
D 83 227 2 21 84 29 5
D 86 229 2 28 44 26 18
D 85 227 2 21 86 29 18
D 82 231 2 83 79 85 5
D 89 225 2 22 30 24 5
D 90 225 2 22 23 24 18
D 88 227 2 89 25 90 5
D 91 227 2 89 43 90 18
D 87 231 2 88 79 91 5
D 94 225 2 24 23 22 5
D 95 225 2 24 30 22 18
D 93 227 2 94 25 95 5
D 96 227 2 94 43 95 18
D 92 231 2 93 79 96 5
D 75 223 5 7 76 45 82 52 87 61 92 68 5
D 97 161 2 2 74 4 3
D 0 163 3 1 6 73 75 97 5
