c ids of sdd nodes start at 0
c sdd nodes appear bottom-up, children before parents
c
c file syntax:
c sdd count-of-sdd-nodes
c F id-of-false-sdd-node
c T id-of-true-sdd-node
c L id-of-literal-sdd-node id-of-vtree literal
c D id-of-decomposition-sdd-node id-of-vtree number-of-elements {id-of-prime id-of-sub}*
c
sdd 98
L 2 48 -109
L 3 50 110
L 4 48 109
F 5
D 1 49 2 2 3 4 5
L 9 600 -151
L 10 602 -152
L 11 600 151
D 8 601 2 9 10 11 5
L 13 604 -153
L 14 606 154
L 15 604 153
D 12 605 2 13 14 15 5
L 17 602 152
T 18
D 16 601 2 9 17 11 18
D 7 603 2 8 12 16 5
L 22 656 -1555
L 23 658 -1556
L 24 656 1555
D 21 657 2 22 23 24 5
L 26 660 -1557
L 27 662 -1558
L 28 660 1557
D 25 661 2 26 27 28 5
L 30 658 1556
D 29 657 2 22 30 24 18
D 20 659 2 21 25 29 5
L 33 664 -1559
L 34 666 -1560
L 35 664 1559
D 32 665 2 33 34 35 5
L 37 668 -1561
L 38 670 1562
L 39 668 1561
D 36 669 2 37 38 39 5
L 41 666 1560
D 40 665 2 33 41 35 18
D 31 667 2 32 36 40 5
L 44 662 1558
D 43 661 2 26 44 28 18
D 42 659 2 21 43 29 18
D 19 663 2 20 31 42 5
L 47 606 -154
D 46 605 2 15 47 13 5
D 45 603 2 8 46 16 5
L 51 670 -1562
D 50 669 2 39 51 37 5
D 49 667 2 32 50 40 5
D 48 663 2 20 49 42 5
D 53 601 2 9 17 11 5
D 54 605 2 13 47 15 5
D 55 601 2 9 10 11 18
D 52 603 2 53 54 55 5
D 58 665 2 33 41 35 5
D 59 669 2 37 51 39 5
D 60 665 2 33 34 35 18
D 57 667 2 58 59 60 5
D 56 663 2 20 57 42 5
D 62 601 2 11 10 9 5
D 63 601 2 11 17 9 18
D 61 603 2 62 54 63 5
D 66 665 2 35 34 33 5
D 67 665 2 35 41 33 18
D 65 667 2 66 59 67 5
D 64 663 2 20 65 42 5
D 69 605 2 13 47 15 14
D 70 601 2 11 10 9 17
D 71 605 2 13 14 15 18
D 72 601 2 11 17 9 5
D 68 603 3 8 69 70 71 72 18
D 6 607 5 7 19 45 48 52 56 61 64 68 5
L 74 50 -110
D 73 49 2 4 74 2 5
D 78 661 2 26 44 28 5
D 77 659 2 21 78 29 5
D 79 667 2 32 59 40 5
D 81 661 2 26 27 28 18
D 80 659 2 21 81 29 18
D 76 663 2 77 79 80 5
D 84 661 2 28 27 26 5
D 83 659 2 21 84 29 5
D 86 661 2 28 44 26 18
D 85 659 2 21 86 29 18
D 82 663 2 83 79 85 5
D 89 657 2 22 30 24 5
D 90 657 2 22 23 24 18
D 88 659 2 89 25 90 5
D 91 659 2 89 43 90 18
D 87 663 2 88 79 91 5
D 94 657 2 24 23 22 5
D 95 657 2 24 30 22 18
D 93 659 2 94 25 95 5
D 96 659 2 94 43 95 18
D 92 663 2 93 79 96 5
D 75 607 5 7 76 45 82 52 87 61 92 68 5
D 97 49 2 2 74 4 3
D 0 51 3 1 6 73 75 97 5
