c ids of sdd nodes start at 0
c sdd nodes appear bottom-up, children before parents
c
c file syntax:
c sdd count-of-sdd-nodes
c F id-of-false-sdd-node
c T id-of-true-sdd-node
c L id-of-literal-sdd-node id-of-vtree literal
c D id-of-decomposition-sdd-node id-of-vtree number-of-elements {id-of-prime id-of-sub}*
c
sdd 214
L 3 2440 -29
L 4 2442 -30
L 5 2440 29
F 6
D 2 2441 2 3 4 5 6
L 8 2444 -31
L 9 2446 32
L 10 2444 31
D 7 2445 2 8 9 10 6
L 12 2442 30
T 13
D 11 2441 2 3 12 5 13
D 1 2443 2 2 7 11 6
L 17 2536 -55
L 18 2538 -56
L 19 2536 55
D 16 2537 2 17 18 19 6
L 21 2540 -57
L 22 2542 58
L 23 2540 57
D 20 2541 2 21 22 23 6
L 25 2538 56
D 24 2537 2 17 25 19 13
D 15 2539 2 16 20 24 6
L 30 2560 -407
L 31 2562 -408
L 32 2560 407
D 29 2561 2 30 31 32 6
L 34 2564 -409
L 35 2566 -410
L 36 2564 409
D 33 2565 2 34 35 36 6
L 38 2562 408
D 37 2561 2 30 38 32 13
D 28 2563 2 29 33 37 6
L 41 2568 -411
L 42 2570 -412
L 43 2568 411
D 40 2569 2 41 42 43 6
L 45 2572 -413
L 46 2574 -414
L 47 2572 413
D 44 2573 2 45 46 47 6
L 49 2570 412
D 48 2569 2 41 49 43 13
D 39 2571 2 40 44 48 6
L 52 2566 410
D 51 2565 2 34 52 36 13
D 50 2563 2 29 51 37 13
D 27 2567 2 28 39 50 6
L 56 2576 -415
L 57 2578 -416
L 58 2576 415
D 55 2577 2 56 57 58 6
L 60 2580 -417
L 61 2582 -418
L 62 2580 417
D 59 2581 2 60 61 62 6
L 64 2578 416
D 63 2577 2 56 64 58 13
D 54 2579 2 55 59 63 6
L 67 2584 -419
L 68 2586 -420
L 69 2584 419
D 66 2585 2 67 68 69 6
L 71 2588 -421
L 72 2590 422
L 73 2588 421
D 70 2589 2 71 72 73 6
L 75 2586 420
D 74 2585 2 67 75 69 13
D 65 2587 2 66 70 74 6
L 78 2582 418
D 77 2581 2 60 78 62 13
D 76 2579 2 55 77 63 13
D 53 2583 2 54 65 76 6
L 82 2574 414
D 81 2573 2 45 82 47 13
D 80 2571 2 40 81 48 13
D 79 2567 2 28 80 50 13
D 26 2575 2 27 53 79 6
L 85 2542 -58
D 84 2541 2 23 85 21 6
D 83 2539 2 16 84 24 6
D 89 2581 2 60 78 62 6
D 88 2579 2 55 89 63 6
L 92 2590 -422
D 91 2589 2 71 92 73 6
D 90 2587 2 66 91 74 6
D 94 2581 2 60 61 62 13
D 93 2579 2 55 94 63 13
D 87 2583 2 88 90 93 6
D 86 2575 2 27 87 79 6
D 96 2537 2 17 25 19 6
D 97 2541 2 21 85 23 6
D 98 2537 2 17 18 19 13
D 95 2539 2 96 97 98 6
D 102 2573 2 45 82 47 6
D 101 2571 2 40 102 48 6
D 100 2567 2 28 101 50 6
D 103 2583 2 54 90 76 6
D 106 2573 2 45 46 47 13
D 105 2571 2 40 106 48 13
D 104 2567 2 28 105 50 13
D 99 2575 2 100 103 104 6
D 108 2537 2 19 18 17 6
D 109 2537 2 19 25 17 13
D 107 2539 2 108 97 109 6
D 113 2565 2 34 52 36 6
D 112 2563 2 29 113 37 6
D 115 2565 2 34 35 36 13
D 114 2563 2 29 115 37 13
D 111 2567 2 112 39 114 6
D 116 2567 2 112 80 114 13
D 110 2575 2 111 103 116 6
D 118 2541 2 21 85 23 22
D 119 2537 2 19 18 17 25
D 120 2541 2 21 22 23 13
D 121 2537 2 19 25 17 6
D 117 2539 3 16 118 119 120 121 13
D 14 2543 5 15 26 83 86 95 99 107 110 117 6
L 124 2446 -32
D 123 2445 2 10 124 8 6
D 122 2443 2 2 123 11 6
D 129 2589 2 73 92 71 6
D 128 2587 2 66 129 74 6
D 127 2583 2 54 128 76 6
D 126 2575 2 27 127 79 6
D 133 2581 2 62 61 60 6
D 132 2579 2 55 133 63 6
D 135 2581 2 62 78 60 13
D 134 2579 2 55 135 63 13
D 131 2583 2 132 90 134 6
D 130 2575 2 27 131 79 6
D 139 2573 2 47 46 45 6
D 138 2571 2 40 139 48 6
D 137 2567 2 28 138 50 6
D 142 2573 2 47 82 45 13
D 141 2571 2 40 142 48 13
D 140 2567 2 28 141 50 13
D 136 2575 2 137 103 140 6
D 146 2565 2 36 35 34 6
D 145 2563 2 29 146 37 6
D 148 2565 2 36 52 34 13
D 147 2563 2 29 148 37 13
D 144 2567 2 145 39 147 6
D 149 2567 2 145 80 147 13
D 143 2575 2 144 103 149 6
D 125 2543 5 15 126 83 130 95 136 107 143 117 6
D 151 2441 2 3 12 5 6
D 152 2445 2 8 124 10 6
D 153 2441 2 3 4 5 13
D 150 2443 2 151 152 153 6
D 158 2585 2 67 75 69 6
D 159 2585 2 67 68 69 13
D 157 2587 2 158 91 159 6
D 156 2583 2 54 157 76 6
D 155 2575 2 27 156 79 6
D 163 2577 2 56 64 58 6
D 164 2577 2 56 57 58 13
D 162 2579 2 163 59 164 6
D 165 2579 2 163 77 164 13
D 161 2583 2 162 90 165 6
D 160 2575 2 27 161 79 6
D 169 2569 2 41 49 43 6
D 170 2569 2 41 42 43 13
D 168 2571 2 169 44 170 6
D 167 2567 2 28 168 50 6
D 172 2571 2 169 81 170 13
D 171 2567 2 28 172 50 13
D 166 2575 2 167 103 171 6
D 176 2561 2 30 38 32 6
D 177 2561 2 30 31 32 13
D 175 2563 2 176 33 177 6
D 178 2563 2 176 51 177 13
D 174 2567 2 175 39 178 6
D 179 2567 2 175 80 178 13
D 173 2575 2 174 103 179 6
D 154 2543 5 15 155 83 160 95 166 107 173 117 6
D 181 2441 2 5 4 3 6
D 182 2441 2 5 12 3 13
D 180 2443 2 181 152 182 6
D 187 2585 2 69 68 67 6
D 188 2585 2 69 75 67 13
D 186 2587 2 187 91 188 6
D 185 2583 2 54 186 76 6
D 184 2575 2 27 185 79 6
D 192 2577 2 58 57 56 6
D 193 2577 2 58 64 56 13
D 191 2579 2 192 59 193 6
D 194 2579 2 192 77 193 13
D 190 2583 2 191 90 194 6
D 189 2575 2 27 190 79 6
D 198 2569 2 43 42 41 6
D 199 2569 2 43 49 41 13
D 197 2571 2 198 44 199 6
D 196 2567 2 28 197 50 6
D 201 2571 2 198 81 199 13
D 200 2567 2 28 201 50 13
D 195 2575 2 196 103 200 6
D 205 2561 2 32 31 30 6
D 206 2561 2 32 38 30 13
D 204 2563 2 205 33 206 6
D 207 2563 2 205 51 206 13
D 203 2567 2 204 39 207 6
D 208 2567 2 204 80 207 13
D 202 2575 2 203 103 208 6
D 183 2543 5 15 184 83 189 95 195 107 202 117 6
D 210 2445 2 8 124 10 9
D 211 2441 2 5 4 3 12
D 212 2445 2 8 9 10 13
D 213 2441 2 5 12 3 6
D 209 2443 3 2 210 211 212 213 13
D 0 2447 5 1 14 122 125 150 154 180 183 209 6
