c ids of sdd nodes start at 0
c sdd nodes appear bottom-up, children before parents
c
c file syntax:
c sdd count-of-sdd-nodes
c F id-of-false-sdd-node
c T id-of-true-sdd-node
c L id-of-literal-sdd-node id-of-vtree literal
c D id-of-decomposition-sdd-node id-of-vtree number-of-elements {id-of-prime id-of-sub}*
c
sdd 214
L 3 7136 -215
L 4 7138 -216
L 5 7136 215
F 6
D 2 7137 2 3 4 5 6
L 8 7140 -217
L 9 7142 218
L 10 7140 217
D 7 7141 2 8 9 10 6
L 12 7138 216
T 13
D 11 7137 2 3 12 5 13
D 1 7139 2 2 7 11 6
L 17 7840 -207
L 18 7842 -208
L 19 7840 207
D 16 7841 2 17 18 19 6
L 21 7844 -209
L 22 7846 210
L 23 7844 209
D 20 7845 2 21 22 23 6
L 25 7842 208
D 24 7841 2 17 25 19 13
D 15 7843 2 16 20 24 6
L 30 7880 -1619
L 31 7882 -1620
L 32 7880 1619
D 29 7881 2 30 31 32 6
L 34 7884 -1621
L 35 7886 -1622
L 36 7884 1621
D 33 7885 2 34 35 36 6
L 38 7882 1620
D 37 7881 2 30 38 32 13
D 28 7883 2 29 33 37 6
L 41 7888 -1623
L 42 7890 -1624
L 43 7888 1623
D 40 7889 2 41 42 43 6
L 45 7892 -1625
L 46 7894 -1626
L 47 7892 1625
D 44 7893 2 45 46 47 6
L 49 7890 1624
D 48 7889 2 41 49 43 13
D 39 7891 2 40 44 48 6
L 52 7886 1622
D 51 7885 2 34 52 36 13
D 50 7883 2 29 51 37 13
D 27 7887 2 28 39 50 6
L 56 7896 -1627
L 57 7898 -1628
L 58 7896 1627
D 55 7897 2 56 57 58 6
L 60 7900 -1629
L 61 7902 -1630
L 62 7900 1629
D 59 7901 2 60 61 62 6
L 64 7898 1628
D 63 7897 2 56 64 58 13
D 54 7899 2 55 59 63 6
L 67 7904 -1631
L 68 7906 -1632
L 69 7904 1631
D 66 7905 2 67 68 69 6
L 71 7908 -1633
L 72 7910 1634
L 73 7908 1633
D 70 7909 2 71 72 73 6
L 75 7906 1632
D 74 7905 2 67 75 69 13
D 65 7907 2 66 70 74 6
L 78 7902 1630
D 77 7901 2 60 78 62 13
D 76 7899 2 55 77 63 13
D 53 7903 2 54 65 76 6
L 82 7894 1626
D 81 7893 2 45 82 47 13
D 80 7891 2 40 81 48 13
D 79 7887 2 28 80 50 13
D 26 7895 2 27 53 79 6
L 85 7846 -210
D 84 7845 2 23 85 21 6
D 83 7843 2 16 84 24 6
L 90 7910 -1634
D 89 7909 2 73 90 71 6
D 88 7907 2 66 89 74 6
D 87 7903 2 54 88 76 6
D 86 7895 2 27 87 79 6
D 92 7841 2 17 25 19 6
D 93 7845 2 21 85 23 6
D 94 7841 2 17 18 19 13
D 91 7843 2 92 93 94 6
D 98 7905 2 67 75 69 6
D 99 7909 2 71 90 73 6
D 100 7905 2 67 68 69 13
D 97 7907 2 98 99 100 6
D 96 7903 2 54 97 76 6
D 95 7895 2 27 96 79 6
D 102 7841 2 19 18 17 6
D 103 7841 2 19 25 17 13
D 101 7843 2 102 93 103 6
D 107 7905 2 69 68 67 6
D 108 7905 2 69 75 67 13
D 106 7907 2 107 99 108 6
D 105 7903 2 54 106 76 6
D 104 7895 2 27 105 79 6
D 110 7845 2 21 85 23 22
D 111 7841 2 19 18 17 25
D 112 7845 2 21 22 23 13
D 113 7841 2 19 25 17 6
D 109 7843 3 16 110 111 112 113 13
D 14 7847 5 15 26 83 86 91 95 101 104 109 6
L 116 7142 -218
D 115 7141 2 10 116 8 6
D 114 7139 2 2 115 11 6
D 121 7901 2 60 78 62 6
D 120 7899 2 55 121 63 6
D 122 7907 2 66 99 74 6
D 124 7901 2 60 61 62 13
D 123 7899 2 55 124 63 13
D 119 7903 2 120 122 123 6
D 118 7895 2 27 119 79 6
D 128 7901 2 62 61 60 6
D 127 7899 2 55 128 63 6
D 130 7901 2 62 78 60 13
D 129 7899 2 55 130 63 13
D 126 7903 2 127 122 129 6
D 125 7895 2 27 126 79 6
D 134 7897 2 56 64 58 6
D 135 7897 2 56 57 58 13
D 133 7899 2 134 59 135 6
D 136 7899 2 134 77 135 13
D 132 7903 2 133 122 136 6
D 131 7895 2 27 132 79 6
D 140 7897 2 58 57 56 6
D 141 7897 2 58 64 56 13
D 139 7899 2 140 59 141 6
D 142 7899 2 140 77 141 13
D 138 7903 2 139 122 142 6
D 137 7895 2 27 138 79 6
D 117 7847 5 15 118 83 125 91 131 101 137 109 6
D 144 7137 2 3 12 5 6
D 145 7141 2 8 116 10 6
D 146 7137 2 3 4 5 13
D 143 7139 2 144 145 146 6
D 151 7893 2 45 82 47 6
D 150 7891 2 40 151 48 6
D 149 7887 2 28 150 50 6
D 152 7903 2 54 122 76 6
D 155 7893 2 45 46 47 13
D 154 7891 2 40 155 48 13
D 153 7887 2 28 154 50 13
D 148 7895 2 149 152 153 6
D 159 7893 2 47 46 45 6
D 158 7891 2 40 159 48 6
D 157 7887 2 28 158 50 6
D 162 7893 2 47 82 45 13
D 161 7891 2 40 162 48 13
D 160 7887 2 28 161 50 13
D 156 7895 2 157 152 160 6
D 166 7889 2 41 49 43 6
D 167 7889 2 41 42 43 13
D 165 7891 2 166 44 167 6
D 164 7887 2 28 165 50 6
D 169 7891 2 166 81 167 13
D 168 7887 2 28 169 50 13
D 163 7895 2 164 152 168 6
D 173 7889 2 43 42 41 6
D 174 7889 2 43 49 41 13
D 172 7891 2 173 44 174 6
D 171 7887 2 28 172 50 6
D 176 7891 2 173 81 174 13
D 175 7887 2 28 176 50 13
D 170 7895 2 171 152 175 6
D 147 7847 5 15 148 83 156 91 163 101 170 109 6
D 178 7137 2 5 4 3 6
D 179 7137 2 5 12 3 13
D 177 7139 2 178 145 179 6
D 184 7885 2 34 52 36 6
D 183 7883 2 29 184 37 6
D 186 7885 2 34 35 36 13
D 185 7883 2 29 186 37 13
D 182 7887 2 183 39 185 6
D 187 7887 2 183 80 185 13
D 181 7895 2 182 152 187 6
D 191 7885 2 36 35 34 6
D 190 7883 2 29 191 37 6
D 193 7885 2 36 52 34 13
D 192 7883 2 29 193 37 13
D 189 7887 2 190 39 192 6
D 194 7887 2 190 80 192 13
D 188 7895 2 189 152 194 6
D 198 7881 2 30 38 32 6
D 199 7881 2 30 31 32 13
D 197 7883 2 198 33 199 6
D 200 7883 2 198 51 199 13
D 196 7887 2 197 39 200 6
D 201 7887 2 197 80 200 13
D 195 7895 2 196 152 201 6
D 205 7881 2 32 31 30 6
D 206 7881 2 32 38 30 13
D 204 7883 2 205 33 206 6
D 207 7883 2 205 51 206 13
D 203 7887 2 204 39 207 6
D 208 7887 2 204 80 207 13
D 202 7895 2 203 152 208 6
D 180 7847 5 15 181 83 188 91 195 101 202 109 6
D 210 7141 2 8 116 10 9
D 211 7137 2 5 4 3 12
D 212 7141 2 8 9 10 13
D 213 7137 2 5 12 3 6
D 209 7139 3 2 210 211 212 213 13
D 0 7143 5 1 14 114 117 143 147 177 180 209 6
