c ids of sdd nodes start at 0
c sdd nodes appear bottom-up, children before parents
c
c file syntax:
c sdd count-of-sdd-nodes
c F id-of-false-sdd-node
c T id-of-true-sdd-node
c L id-of-literal-sdd-node id-of-vtree literal
c D id-of-decomposition-sdd-node id-of-vtree number-of-elements {id-of-prime id-of-sub}*
c
sdd 100
L 3 8064 -247
L 4 8066 -248
L 5 8064 247
F 6
D 2 8065 2 3 4 5 6
L 8 8068 -249
L 9 8070 250
L 10 8068 249
D 7 8069 2 8 9 10 6
L 12 8066 248
T 13
D 11 8065 2 3 12 5 13
D 1 8067 2 2 7 11 6
L 16 8384 -243
L 17 8386 244
L 18 8384 243
D 15 8385 2 16 17 18 6
L 22 8420 -1643
L 23 8422 -1644
L 24 8420 1643
D 21 8421 2 22 23 24 6
L 26 8424 -1645
L 27 8426 -1646
L 28 8424 1645
D 25 8425 2 26 27 28 6
L 30 8422 1644
D 29 8421 2 22 30 24 13
D 20 8423 2 21 25 29 6
L 33 8428 -1647
L 34 8430 -1648
L 35 8428 1647
D 32 8429 2 33 34 35 6
L 37 8432 -1649
L 38 8434 1650
L 39 8432 1649
D 36 8433 2 37 38 39 6
L 41 8430 1648
D 40 8429 2 33 41 35 13
D 31 8431 2 32 36 40 6
L 44 8426 1646
D 43 8425 2 26 44 28 13
D 42 8423 2 21 43 29 13
D 19 8427 2 20 31 42 6
L 46 8386 -244
D 45 8385 2 18 46 16 6
L 50 8434 -1650
D 49 8433 2 39 50 37 6
D 48 8431 2 32 49 40 6
D 47 8427 2 20 48 42 6
D 51 8385 2 16 46 18 17
D 14 8387 3 15 19 45 47 51 6
L 54 8070 -250
D 53 8069 2 10 54 8 6
D 52 8067 2 2 53 11 6
D 58 8429 2 33 41 35 6
D 59 8433 2 37 50 39 6
D 60 8429 2 33 34 35 13
D 57 8431 2 58 59 60 6
D 56 8427 2 20 57 42 6
D 63 8429 2 35 34 33 6
D 64 8429 2 35 41 33 13
D 62 8431 2 63 59 64 6
D 61 8427 2 20 62 42 6
D 55 8387 3 15 56 45 61 51 6
D 66 8065 2 3 12 5 6
D 67 8069 2 8 54 10 6
D 68 8065 2 3 4 5 13
D 65 8067 2 66 67 68 6
D 72 8425 2 26 44 28 6
D 71 8423 2 21 72 29 6
D 73 8431 2 32 59 40 6
D 75 8425 2 26 27 28 13
D 74 8423 2 21 75 29 13
D 70 8427 2 71 73 74 6
D 78 8425 2 28 27 26 6
D 77 8423 2 21 78 29 6
D 80 8425 2 28 44 26 13
D 79 8423 2 21 80 29 13
D 76 8427 2 77 73 79 6
D 69 8387 3 15 70 45 76 51 6
D 82 8065 2 5 4 3 6
D 83 8065 2 5 12 3 13
D 81 8067 2 82 67 83 6
D 87 8421 2 22 30 24 6
D 88 8421 2 22 23 24 13
D 86 8423 2 87 25 88 6
D 89 8423 2 87 43 88 13
D 85 8427 2 86 73 89 6
D 92 8421 2 24 23 22 6
D 93 8421 2 24 30 22 13
D 91 8423 2 92 25 93 6
D 94 8423 2 92 43 93 13
D 90 8427 2 91 73 94 6
D 84 8387 3 15 85 45 90 51 6
D 96 8069 2 8 54 10 9
D 97 8065 2 5 4 3 12
D 98 8069 2 8 9 10 13
D 99 8065 2 5 12 3 6
D 95 8067 3 2 96 97 98 99 13
D 0 8071 5 1 14 52 55 65 69 81 84 95 6
