c ids of sdd nodes start at 0
c sdd nodes appear bottom-up, children before parents
c
c file syntax:
c sdd count-of-sdd-nodes
c F id-of-false-sdd-node
c T id-of-true-sdd-node
c L id-of-literal-sdd-node id-of-vtree literal
c D id-of-decomposition-sdd-node id-of-vtree number-of-elements {id-of-prime id-of-sub}*
c
sdd 214
L 3 3512 -9
L 4 3514 -10
L 5 3512 9
F 6
D 2 3513 2 3 4 5 6
L 8 3516 -11
L 9 3518 12
L 10 3516 11
D 7 3517 2 8 9 10 6
L 12 3514 10
T 13
D 11 3513 2 3 12 5 13
D 1 3515 2 2 7 11 6
L 17 3608 -1
L 18 3610 -2
L 19 3608 1
D 16 3609 2 17 18 19 6
L 21 3612 -3
L 22 3614 4
L 23 3612 3
D 20 3613 2 21 22 23 6
L 25 3610 2
D 24 3609 2 17 25 19 13
D 15 3611 2 16 20 24 6
L 30 3624 -263
L 31 3626 -264
L 32 3624 263
D 29 3625 2 30 31 32 6
L 34 3628 -265
L 35 3630 -266
L 36 3628 265
D 33 3629 2 34 35 36 6
L 38 3626 264
D 37 3625 2 30 38 32 13
D 28 3627 2 29 33 37 6
L 41 3632 -267
L 42 3634 -268
L 43 3632 267
D 40 3633 2 41 42 43 6
L 45 3636 -269
L 46 3638 -270
L 47 3636 269
D 44 3637 2 45 46 47 6
L 49 3634 268
D 48 3633 2 41 49 43 13
D 39 3635 2 40 44 48 6
L 52 3630 266
D 51 3629 2 34 52 36 13
D 50 3627 2 29 51 37 13
D 27 3631 2 28 39 50 6
L 56 3640 -271
L 57 3642 -272
L 58 3640 271
D 55 3641 2 56 57 58 6
L 60 3644 -273
L 61 3646 -274
L 62 3644 273
D 59 3645 2 60 61 62 6
L 64 3642 272
D 63 3641 2 56 64 58 13
D 54 3643 2 55 59 63 6
L 67 3648 -275
L 68 3650 -276
L 69 3648 275
D 66 3649 2 67 68 69 6
L 71 3652 -277
L 72 3654 278
L 73 3652 277
D 70 3653 2 71 72 73 6
L 75 3650 276
D 74 3649 2 67 75 69 13
D 65 3651 2 66 70 74 6
L 78 3646 274
D 77 3645 2 60 78 62 13
D 76 3643 2 55 77 63 13
D 53 3647 2 54 65 76 6
L 82 3638 270
D 81 3637 2 45 82 47 13
D 80 3635 2 40 81 48 13
D 79 3631 2 28 80 50 13
D 26 3639 2 27 53 79 6
L 85 3614 -4
D 84 3613 2 23 85 21 6
D 83 3611 2 16 84 24 6
L 90 3654 -278
D 89 3653 2 73 90 71 6
D 88 3651 2 66 89 74 6
D 87 3647 2 54 88 76 6
D 86 3639 2 27 87 79 6
D 92 3609 2 17 25 19 6
D 93 3613 2 21 85 23 6
D 94 3609 2 17 18 19 13
D 91 3611 2 92 93 94 6
D 98 3649 2 67 75 69 6
D 99 3653 2 71 90 73 6
D 100 3649 2 67 68 69 13
D 97 3651 2 98 99 100 6
D 96 3647 2 54 97 76 6
D 95 3639 2 27 96 79 6
D 102 3609 2 19 18 17 6
D 103 3609 2 19 25 17 13
D 101 3611 2 102 93 103 6
D 107 3649 2 69 68 67 6
D 108 3649 2 69 75 67 13
D 106 3651 2 107 99 108 6
D 105 3647 2 54 106 76 6
D 104 3639 2 27 105 79 6
D 110 3613 2 21 85 23 22
D 111 3609 2 19 18 17 25
D 112 3613 2 21 22 23 13
D 113 3609 2 19 25 17 6
D 109 3611 3 16 110 111 112 113 13
D 14 3615 5 15 26 83 86 91 95 101 104 109 6
L 116 3518 -12
D 115 3517 2 10 116 8 6
D 114 3515 2 2 115 11 6
D 121 3645 2 60 78 62 6
D 120 3643 2 55 121 63 6
D 122 3651 2 66 99 74 6
D 124 3645 2 60 61 62 13
D 123 3643 2 55 124 63 13
D 119 3647 2 120 122 123 6
D 118 3639 2 27 119 79 6
D 128 3645 2 62 61 60 6
D 127 3643 2 55 128 63 6
D 130 3645 2 62 78 60 13
D 129 3643 2 55 130 63 13
D 126 3647 2 127 122 129 6
D 125 3639 2 27 126 79 6
D 134 3641 2 56 64 58 6
D 135 3641 2 56 57 58 13
D 133 3643 2 134 59 135 6
D 136 3643 2 134 77 135 13
D 132 3647 2 133 122 136 6
D 131 3639 2 27 132 79 6
D 140 3641 2 58 57 56 6
D 141 3641 2 58 64 56 13
D 139 3643 2 140 59 141 6
D 142 3643 2 140 77 141 13
D 138 3647 2 139 122 142 6
D 137 3639 2 27 138 79 6
D 117 3615 5 15 118 83 125 91 131 101 137 109 6
D 144 3513 2 3 12 5 6
D 145 3517 2 8 116 10 6
D 146 3513 2 3 4 5 13
D 143 3515 2 144 145 146 6
D 151 3637 2 45 82 47 6
D 150 3635 2 40 151 48 6
D 149 3631 2 28 150 50 6
D 152 3647 2 54 122 76 6
D 155 3637 2 45 46 47 13
D 154 3635 2 40 155 48 13
D 153 3631 2 28 154 50 13
D 148 3639 2 149 152 153 6
D 159 3637 2 47 46 45 6
D 158 3635 2 40 159 48 6
D 157 3631 2 28 158 50 6
D 162 3637 2 47 82 45 13
D 161 3635 2 40 162 48 13
D 160 3631 2 28 161 50 13
D 156 3639 2 157 152 160 6
D 166 3633 2 41 49 43 6
D 167 3633 2 41 42 43 13
D 165 3635 2 166 44 167 6
D 164 3631 2 28 165 50 6
D 169 3635 2 166 81 167 13
D 168 3631 2 28 169 50 13
D 163 3639 2 164 152 168 6
D 173 3633 2 43 42 41 6
D 174 3633 2 43 49 41 13
D 172 3635 2 173 44 174 6
D 171 3631 2 28 172 50 6
D 176 3635 2 173 81 174 13
D 175 3631 2 28 176 50 13
D 170 3639 2 171 152 175 6
D 147 3615 5 15 148 83 156 91 163 101 170 109 6
D 178 3513 2 5 4 3 6
D 179 3513 2 5 12 3 13
D 177 3515 2 178 145 179 6
D 184 3629 2 34 52 36 6
D 183 3627 2 29 184 37 6
D 186 3629 2 34 35 36 13
D 185 3627 2 29 186 37 13
D 182 3631 2 183 39 185 6
D 187 3631 2 183 80 185 13
D 181 3639 2 182 152 187 6
D 191 3629 2 36 35 34 6
D 190 3627 2 29 191 37 6
D 193 3629 2 36 52 34 13
D 192 3627 2 29 193 37 13
D 189 3631 2 190 39 192 6
D 194 3631 2 190 80 192 13
D 188 3639 2 189 152 194 6
D 198 3625 2 30 38 32 6
D 199 3625 2 30 31 32 13
D 197 3627 2 198 33 199 6
D 200 3627 2 198 51 199 13
D 196 3631 2 197 39 200 6
D 201 3631 2 197 80 200 13
D 195 3639 2 196 152 201 6
D 205 3625 2 32 31 30 6
D 206 3625 2 32 38 30 13
D 204 3627 2 205 33 206 6
D 207 3627 2 205 51 206 13
D 203 3631 2 204 39 207 6
D 208 3631 2 204 80 207 13
D 202 3639 2 203 152 208 6
D 180 3615 5 15 181 83 188 91 195 101 202 109 6
D 210 3517 2 8 116 10 9
D 211 3513 2 5 4 3 12
D 212 3517 2 8 9 10 13
D 213 3513 2 5 12 3 6
D 209 3515 3 2 210 211 212 213 13
D 0 3519 5 1 14 114 117 143 147 177 180 209 6
