c ids of sdd nodes start at 0
c sdd nodes appear bottom-up, children before parents
c
c file syntax:
c sdd count-of-sdd-nodes
c F id-of-false-sdd-node
c T id-of-true-sdd-node
c L id-of-literal-sdd-node id-of-vtree literal
c D id-of-decomposition-sdd-node id-of-vtree number-of-elements {id-of-prime id-of-sub}*
c
sdd 210
L 3 4528 -141
L 4 4530 -142
L 5 4528 141
F 6
D 2 4529 2 3 4 5 6
L 8 4532 -143
L 9 4534 144
L 10 4532 143
D 7 4533 2 8 9 10 6
L 12 4530 142
T 13
D 11 4529 2 3 12 5 13
D 1 4531 2 2 7 11 6
L 16 6232 -179
L 17 6234 180
L 18 6232 179
D 15 6233 2 16 17 18 6
L 21 6240 -105
L 22 6242 106
L 23 6240 105
D 20 6241 2 21 22 23 6
L 28 6292 -1715
L 29 6294 -1716
L 30 6292 1715
D 27 6293 2 28 29 30 6
L 32 6296 -1717
L 33 6298 -1718
L 34 6296 1717
D 31 6297 2 32 33 34 6
L 36 6294 1716
D 35 6293 2 28 36 30 13
D 26 6295 2 27 31 35 6
L 39 6300 -1719
L 40 6302 -1720
L 41 6300 1719
D 38 6301 2 39 40 41 6
L 43 6304 -1721
L 44 6306 -1722
L 45 6304 1721
D 42 6305 2 43 44 45 6
L 47 6302 1720
D 46 6301 2 39 47 41 13
D 37 6303 2 38 42 46 6
L 50 6298 1718
D 49 6297 2 32 50 34 13
D 48 6295 2 27 49 35 13
D 25 6299 2 26 37 48 6
L 54 6308 -1723
L 55 6310 -1724
L 56 6308 1723
D 53 6309 2 54 55 56 6
L 58 6312 -1725
L 59 6314 -1726
L 60 6312 1725
D 57 6313 2 58 59 60 6
L 62 6310 1724
D 61 6309 2 54 62 56 13
D 52 6311 2 53 57 61 6
L 65 6316 -1727
L 66 6318 -1728
L 67 6316 1727
D 64 6317 2 65 66 67 6
L 69 6320 -1729
L 70 6322 1730
L 71 6320 1729
D 68 6321 2 69 70 71 6
L 73 6318 1728
D 72 6317 2 65 73 67 13
D 63 6319 2 64 68 72 6
L 76 6314 1726
D 75 6313 2 58 76 60 13
D 74 6311 2 53 75 61 13
D 51 6315 2 52 63 74 6
L 80 6306 1722
D 79 6305 2 43 80 45 13
D 78 6303 2 38 79 46 13
D 77 6299 2 26 78 48 13
D 24 6307 2 25 51 77 6
L 82 6242 -106
D 81 6241 2 23 82 21 6
D 86 6305 2 43 80 45 6
D 85 6303 2 38 86 46 6
D 84 6299 2 26 85 48 6
L 90 6322 -1730
D 89 6321 2 69 90 71 6
D 88 6319 2 64 89 72 6
D 87 6315 2 52 88 74 6
D 93 6305 2 43 44 45 13
D 92 6303 2 38 93 46 13
D 91 6299 2 26 92 48 13
D 83 6307 2 84 87 91 6
D 94 6241 2 21 82 23 22
D 19 6243 3 20 24 81 83 94 6
L 96 6234 -180
D 95 6233 2 18 96 16 6
D 101 6313 2 58 76 60 6
D 100 6311 2 53 101 61 6
D 103 6313 2 58 59 60 13
D 102 6311 2 53 103 61 13
D 99 6315 2 100 88 102 6
D 98 6307 2 25 99 77 6
D 107 6297 2 32 50 34 6
D 106 6295 2 27 107 35 6
D 109 6297 2 32 33 34 13
D 108 6295 2 27 109 35 13
D 105 6299 2 106 37 108 6
D 110 6299 2 106 78 108 13
D 104 6307 2 105 87 110 6
D 97 6243 3 20 98 81 104 94 6
D 111 6233 2 16 96 18 17
D 14 6235 3 15 19 95 97 111 6
L 114 4534 -144
D 113 4533 2 10 114 8 6
D 112 4531 2 2 113 11 6
D 120 6321 2 71 90 69 6
D 119 6319 2 64 120 72 6
D 118 6315 2 52 119 74 6
D 117 6307 2 25 118 77 6
D 124 6305 2 45 44 43 6
D 123 6303 2 38 124 46 6
D 122 6299 2 26 123 48 6
D 127 6305 2 45 80 43 13
D 126 6303 2 38 127 46 13
D 125 6299 2 26 126 48 13
D 121 6307 2 122 87 125 6
D 116 6243 3 20 117 81 121 94 6
D 132 6313 2 60 59 58 6
D 131 6311 2 53 132 61 6
D 134 6313 2 60 76 58 13
D 133 6311 2 53 134 61 13
D 130 6315 2 131 88 133 6
D 129 6307 2 25 130 77 6
D 138 6297 2 34 33 32 6
D 137 6295 2 27 138 35 6
D 140 6297 2 34 50 32 13
D 139 6295 2 27 140 35 13
D 136 6299 2 137 37 139 6
D 141 6299 2 137 78 139 13
D 135 6307 2 136 87 141 6
D 128 6243 3 20 129 81 135 94 6
D 115 6235 3 15 116 95 128 111 6
D 143 4529 2 3 12 5 6
D 144 4533 2 8 114 10 6
D 145 4529 2 3 4 5 13
D 142 4531 2 143 144 145 6
D 151 6317 2 65 73 67 6
D 152 6317 2 65 66 67 13
D 150 6319 2 151 89 152 6
D 149 6315 2 52 150 74 6
D 148 6307 2 25 149 77 6
D 156 6301 2 39 47 41 6
D 157 6301 2 39 40 41 13
D 155 6303 2 156 42 157 6
D 154 6299 2 26 155 48 6
D 159 6303 2 156 79 157 13
D 158 6299 2 26 159 48 13
D 153 6307 2 154 87 158 6
D 147 6243 3 20 148 81 153 94 6
D 164 6309 2 54 62 56 6
D 165 6309 2 54 55 56 13
D 163 6311 2 164 57 165 6
D 166 6311 2 164 75 165 13
D 162 6315 2 163 88 166 6
D 161 6307 2 25 162 77 6
D 170 6293 2 28 36 30 6
D 171 6293 2 28 29 30 13
D 169 6295 2 170 31 171 6
D 172 6295 2 170 49 171 13
D 168 6299 2 169 37 172 6
D 173 6299 2 169 78 172 13
D 167 6307 2 168 87 173 6
D 160 6243 3 20 161 81 167 94 6
D 146 6235 3 15 147 95 160 111 6
D 175 4529 2 5 4 3 6
D 176 4529 2 5 12 3 13
D 174 4531 2 175 144 176 6
D 182 6317 2 67 66 65 6
D 183 6317 2 67 73 65 13
D 181 6319 2 182 89 183 6
D 180 6315 2 52 181 74 6
D 179 6307 2 25 180 77 6
D 187 6301 2 41 40 39 6
D 188 6301 2 41 47 39 13
D 186 6303 2 187 42 188 6
D 185 6299 2 26 186 48 6
D 190 6303 2 187 79 188 13
D 189 6299 2 26 190 48 13
D 184 6307 2 185 87 189 6
D 178 6243 3 20 179 81 184 94 6
D 195 6309 2 56 55 54 6
D 196 6309 2 56 62 54 13
D 194 6311 2 195 57 196 6
D 197 6311 2 195 75 196 13
D 193 6315 2 194 88 197 6
D 192 6307 2 25 193 77 6
D 201 6293 2 30 29 28 6
D 202 6293 2 30 36 28 13
D 200 6295 2 201 31 202 6
D 203 6295 2 201 49 202 13
D 199 6299 2 200 37 203 6
D 204 6299 2 200 78 203 13
D 198 6307 2 199 87 204 6
D 191 6243 3 20 192 81 198 94 6
D 177 6235 3 15 178 95 191 111 6
D 206 4533 2 8 114 10 9
D 207 4529 2 5 4 3 12
D 208 4533 2 8 9 10 13
D 209 4529 2 5 12 3 6
D 205 4531 3 2 206 207 208 209 13
D 0 4535 5 1 14 112 115 142 146 174 177 205 6
