c ids of sdd nodes start at 0
c sdd nodes appear bottom-up, children before parents
c
c file syntax:
c sdd count-of-sdd-nodes
c F id-of-false-sdd-node
c T id-of-true-sdd-node
c L id-of-literal-sdd-node id-of-vtree literal
c D id-of-decomposition-sdd-node id-of-vtree number-of-elements {id-of-prime id-of-sub}*
c
sdd 100
L 3 4528 -141
L 4 4530 -142
L 5 4528 141
F 6
D 2 4529 2 3 4 5 6
L 8 4532 -143
L 9 4534 144
L 10 4532 143
D 7 4533 2 8 9 10 6
L 12 4530 142
T 13
D 11 4529 2 3 12 5 13
D 1 4531 2 2 7 11 6
L 16 5880 -123
L 17 5882 124
L 18 5880 123
D 15 5881 2 16 17 18 6
L 22 5900 -1735
L 23 5902 -1736
L 24 5900 1735
D 21 5901 2 22 23 24 6
L 26 5904 -1737
L 27 5906 -1738
L 28 5904 1737
D 25 5905 2 26 27 28 6
L 30 5902 1736
D 29 5901 2 22 30 24 13
D 20 5903 2 21 25 29 6
L 33 5908 -1739
L 34 5910 -1740
L 35 5908 1739
D 32 5909 2 33 34 35 6
L 37 5912 -1741
L 38 5914 1742
L 39 5912 1741
D 36 5913 2 37 38 39 6
L 41 5910 1740
D 40 5909 2 33 41 35 13
D 31 5911 2 32 36 40 6
L 44 5906 1738
D 43 5905 2 26 44 28 13
D 42 5903 2 21 43 29 13
D 19 5907 2 20 31 42 6
L 46 5882 -124
D 45 5881 2 18 46 16 6
D 49 5905 2 26 44 28 6
D 48 5903 2 21 49 29 6
L 52 5914 -1742
D 51 5913 2 37 52 39 6
D 50 5911 2 32 51 40 6
D 54 5905 2 26 27 28 13
D 53 5903 2 21 54 29 13
D 47 5907 2 48 50 53 6
D 55 5881 2 16 46 18 17
D 14 5883 3 15 19 45 47 55 6
L 58 4534 -144
D 57 4533 2 10 58 8 6
D 56 4531 2 2 57 11 6
D 62 5913 2 39 52 37 6
D 61 5911 2 32 62 40 6
D 60 5907 2 20 61 42 6
D 65 5905 2 28 27 26 6
D 64 5903 2 21 65 29 6
D 67 5905 2 28 44 26 13
D 66 5903 2 21 67 29 13
D 63 5907 2 64 50 66 6
D 59 5883 3 15 60 45 63 55 6
D 69 4529 2 3 12 5 6
D 70 4533 2 8 58 10 6
D 71 4529 2 3 4 5 13
D 68 4531 2 69 70 71 6
D 75 5909 2 33 41 35 6
D 76 5909 2 33 34 35 13
D 74 5911 2 75 51 76 6
D 73 5907 2 20 74 42 6
D 79 5901 2 22 30 24 6
D 80 5901 2 22 23 24 13
D 78 5903 2 79 25 80 6
D 81 5903 2 79 43 80 13
D 77 5907 2 78 50 81 6
D 72 5883 3 15 73 45 77 55 6
D 83 4529 2 5 4 3 6
D 84 4529 2 5 12 3 13
D 82 4531 2 83 70 84 6
D 88 5909 2 35 34 33 6
D 89 5909 2 35 41 33 13
D 87 5911 2 88 51 89 6
D 86 5907 2 20 87 42 6
D 92 5901 2 24 23 22 6
D 93 5901 2 24 30 22 13
D 91 5903 2 92 25 93 6
D 94 5903 2 92 43 93 13
D 90 5907 2 91 50 94 6
D 85 5883 3 15 86 45 90 55 6
D 96 4533 2 8 58 10 9
D 97 4529 2 5 4 3 12
D 98 4533 2 8 9 10 13
D 99 4529 2 5 12 3 6
D 95 4531 3 2 96 97 98 99 13
D 0 4535 5 1 14 56 59 68 72 82 85 95 6
