c ids of sdd nodes start at 0
c sdd nodes appear bottom-up, children before parents
c
c file syntax:
c sdd count-of-sdd-nodes
c F id-of-false-sdd-node
c T id-of-true-sdd-node
c L id-of-literal-sdd-node id-of-vtree literal
c D id-of-decomposition-sdd-node id-of-vtree number-of-elements {id-of-prime id-of-sub}*
c
sdd 214
L 3 1048 -145
L 4 1050 -146
L 5 1048 145
F 6
D 2 1049 2 3 4 5 6
L 8 1052 -147
L 9 1054 148
L 10 1052 147
D 7 1053 2 8 9 10 6
L 12 1050 146
T 13
D 11 1049 2 3 12 5 13
D 1 1051 2 2 7 11 6
L 17 4528 -141
L 18 4530 -142
L 19 4528 141
D 16 4529 2 17 18 19 6
L 21 4532 -143
L 22 4534 144
L 23 4532 143
D 20 4533 2 21 22 23 6
L 25 4530 142
D 24 4529 2 17 25 19 13
D 15 4531 2 16 20 24 6
L 30 4712 -1751
L 31 4714 -1752
L 32 4712 1751
D 29 4713 2 30 31 32 6
L 34 4716 -1753
L 35 4718 -1754
L 36 4716 1753
D 33 4717 2 34 35 36 6
L 38 4714 1752
D 37 4713 2 30 38 32 13
D 28 4715 2 29 33 37 6
L 41 4720 -1755
L 42 4722 -1756
L 43 4720 1755
D 40 4721 2 41 42 43 6
L 45 4724 -1757
L 46 4726 -1758
L 47 4724 1757
D 44 4725 2 45 46 47 6
L 49 4722 1756
D 48 4721 2 41 49 43 13
D 39 4723 2 40 44 48 6
L 52 4718 1754
D 51 4717 2 34 52 36 13
D 50 4715 2 29 51 37 13
D 27 4719 2 28 39 50 6
L 56 4728 -1759
L 57 4730 -1760
L 58 4728 1759
D 55 4729 2 56 57 58 6
L 60 4732 -1761
L 61 4734 -1762
L 62 4732 1761
D 59 4733 2 60 61 62 6
L 64 4730 1760
D 63 4729 2 56 64 58 13
D 54 4731 2 55 59 63 6
L 67 4736 -1763
L 68 4738 -1764
L 69 4736 1763
D 66 4737 2 67 68 69 6
L 71 4740 -1765
L 72 4742 1766
L 73 4740 1765
D 70 4741 2 71 72 73 6
L 75 4738 1764
D 74 4737 2 67 75 69 13
D 65 4739 2 66 70 74 6
L 78 4734 1762
D 77 4733 2 60 78 62 13
D 76 4731 2 55 77 63 13
D 53 4735 2 54 65 76 6
L 82 4726 1758
D 81 4725 2 45 82 47 13
D 80 4723 2 40 81 48 13
D 79 4719 2 28 80 50 13
D 26 4727 2 27 53 79 6
L 85 4534 -144
D 84 4533 2 23 85 21 6
D 83 4531 2 16 84 24 6
L 90 4742 -1766
D 89 4741 2 73 90 71 6
D 88 4739 2 66 89 74 6
D 87 4735 2 54 88 76 6
D 86 4727 2 27 87 79 6
D 92 4529 2 17 25 19 6
D 93 4533 2 21 85 23 6
D 94 4529 2 17 18 19 13
D 91 4531 2 92 93 94 6
D 98 4737 2 67 75 69 6
D 99 4741 2 71 90 73 6
D 100 4737 2 67 68 69 13
D 97 4739 2 98 99 100 6
D 96 4735 2 54 97 76 6
D 95 4727 2 27 96 79 6
D 102 4529 2 19 18 17 6
D 103 4529 2 19 25 17 13
D 101 4531 2 102 93 103 6
D 107 4737 2 69 68 67 6
D 108 4737 2 69 75 67 13
D 106 4739 2 107 99 108 6
D 105 4735 2 54 106 76 6
D 104 4727 2 27 105 79 6
D 110 4533 2 21 85 23 22
D 111 4529 2 19 18 17 25
D 112 4533 2 21 22 23 13
D 113 4529 2 19 25 17 6
D 109 4531 3 16 110 111 112 113 13
D 14 4535 5 15 26 83 86 91 95 101 104 109 6
L 116 1054 -148
D 115 1053 2 10 116 8 6
D 114 1051 2 2 115 11 6
D 121 4733 2 60 78 62 6
D 120 4731 2 55 121 63 6
D 122 4739 2 66 99 74 6
D 124 4733 2 60 61 62 13
D 123 4731 2 55 124 63 13
D 119 4735 2 120 122 123 6
D 118 4727 2 27 119 79 6
D 128 4733 2 62 61 60 6
D 127 4731 2 55 128 63 6
D 130 4733 2 62 78 60 13
D 129 4731 2 55 130 63 13
D 126 4735 2 127 122 129 6
D 125 4727 2 27 126 79 6
D 134 4729 2 56 64 58 6
D 135 4729 2 56 57 58 13
D 133 4731 2 134 59 135 6
D 136 4731 2 134 77 135 13
D 132 4735 2 133 122 136 6
D 131 4727 2 27 132 79 6
D 140 4729 2 58 57 56 6
D 141 4729 2 58 64 56 13
D 139 4731 2 140 59 141 6
D 142 4731 2 140 77 141 13
D 138 4735 2 139 122 142 6
D 137 4727 2 27 138 79 6
D 117 4535 5 15 118 83 125 91 131 101 137 109 6
D 144 1049 2 3 12 5 6
D 145 1053 2 8 116 10 6
D 146 1049 2 3 4 5 13
D 143 1051 2 144 145 146 6
D 151 4725 2 45 82 47 6
D 150 4723 2 40 151 48 6
D 149 4719 2 28 150 50 6
D 152 4735 2 54 122 76 6
D 155 4725 2 45 46 47 13
D 154 4723 2 40 155 48 13
D 153 4719 2 28 154 50 13
D 148 4727 2 149 152 153 6
D 159 4725 2 47 46 45 6
D 158 4723 2 40 159 48 6
D 157 4719 2 28 158 50 6
D 162 4725 2 47 82 45 13
D 161 4723 2 40 162 48 13
D 160 4719 2 28 161 50 13
D 156 4727 2 157 152 160 6
D 166 4721 2 41 49 43 6
D 167 4721 2 41 42 43 13
D 165 4723 2 166 44 167 6
D 164 4719 2 28 165 50 6
D 169 4723 2 166 81 167 13
D 168 4719 2 28 169 50 13
D 163 4727 2 164 152 168 6
D 173 4721 2 43 42 41 6
D 174 4721 2 43 49 41 13
D 172 4723 2 173 44 174 6
D 171 4719 2 28 172 50 6
D 176 4723 2 173 81 174 13
D 175 4719 2 28 176 50 13
D 170 4727 2 171 152 175 6
D 147 4535 5 15 148 83 156 91 163 101 170 109 6
D 178 1049 2 5 4 3 6
D 179 1049 2 5 12 3 13
D 177 1051 2 178 145 179 6
D 184 4717 2 34 52 36 6
D 183 4715 2 29 184 37 6
D 186 4717 2 34 35 36 13
D 185 4715 2 29 186 37 13
D 182 4719 2 183 39 185 6
D 187 4719 2 183 80 185 13
D 181 4727 2 182 152 187 6
D 191 4717 2 36 35 34 6
D 190 4715 2 29 191 37 6
D 193 4717 2 36 52 34 13
D 192 4715 2 29 193 37 13
D 189 4719 2 190 39 192 6
D 194 4719 2 190 80 192 13
D 188 4727 2 189 152 194 6
D 198 4713 2 30 38 32 6
D 199 4713 2 30 31 32 13
D 197 4715 2 198 33 199 6
D 200 4715 2 198 51 199 13
D 196 4719 2 197 39 200 6
D 201 4719 2 197 80 200 13
D 195 4727 2 196 152 201 6
D 205 4713 2 32 31 30 6
D 206 4713 2 32 38 30 13
D 204 4715 2 205 33 206 6
D 207 4715 2 205 51 206 13
D 203 4719 2 204 39 207 6
D 208 4719 2 204 80 207 13
D 202 4727 2 203 152 208 6
D 180 4535 5 15 181 83 188 91 195 101 202 109 6
D 210 1053 2 8 116 10 9
D 211 1049 2 5 4 3 12
D 212 1053 2 8 9 10 13
D 213 1049 2 5 12 3 6
D 209 1051 3 2 210 211 212 213 13
D 0 1055 5 1 14 114 117 143 147 177 180 209 6
