c ids of sdd nodes start at 0
c sdd nodes appear bottom-up, children before parents
c
c file syntax:
c sdd count-of-sdd-nodes
c F id-of-false-sdd-node
c T id-of-true-sdd-node
c L id-of-literal-sdd-node id-of-vtree literal
c D id-of-decomposition-sdd-node id-of-vtree number-of-elements {id-of-prime id-of-sub}*
c
sdd 214
L 3 7136 -215
L 4 7138 -216
L 5 7136 215
F 6
D 2 7137 2 3 4 5 6
L 8 7140 -217
L 9 7142 218
L 10 7140 217
D 7 7141 2 8 9 10 6
L 12 7138 216
T 13
D 11 7137 2 3 12 5 13
D 1 7139 2 2 7 11 6
L 17 8496 -237
L 18 8498 -238
L 19 8496 237
D 16 8497 2 17 18 19 6
L 21 8500 -239
L 22 8502 240
L 23 8500 239
D 20 8501 2 21 22 23 6
L 25 8498 238
D 24 8497 2 17 25 19 13
D 15 8499 2 16 20 24 6
L 30 8552 -1803
L 31 8554 -1804
L 32 8552 1803
D 29 8553 2 30 31 32 6
L 34 8556 -1805
L 35 8558 -1806
L 36 8556 1805
D 33 8557 2 34 35 36 6
L 38 8554 1804
D 37 8553 2 30 38 32 13
D 28 8555 2 29 33 37 6
L 41 8560 -1807
L 42 8562 -1808
L 43 8560 1807
D 40 8561 2 41 42 43 6
L 45 8564 -1809
L 46 8566 -1810
L 47 8564 1809
D 44 8565 2 45 46 47 6
L 49 8562 1808
D 48 8561 2 41 49 43 13
D 39 8563 2 40 44 48 6
L 52 8558 1806
D 51 8557 2 34 52 36 13
D 50 8555 2 29 51 37 13
D 27 8559 2 28 39 50 6
L 56 8568 -1811
L 57 8570 -1812
L 58 8568 1811
D 55 8569 2 56 57 58 6
L 60 8572 -1813
L 61 8574 -1814
L 62 8572 1813
D 59 8573 2 60 61 62 6
L 64 8570 1812
D 63 8569 2 56 64 58 13
D 54 8571 2 55 59 63 6
L 67 8576 -1815
L 68 8578 -1816
L 69 8576 1815
D 66 8577 2 67 68 69 6
L 71 8580 -1817
L 72 8582 1818
L 73 8580 1817
D 70 8581 2 71 72 73 6
L 75 8578 1816
D 74 8577 2 67 75 69 13
D 65 8579 2 66 70 74 6
L 78 8574 1814
D 77 8573 2 60 78 62 13
D 76 8571 2 55 77 63 13
D 53 8575 2 54 65 76 6
L 82 8566 1810
D 81 8565 2 45 82 47 13
D 80 8563 2 40 81 48 13
D 79 8559 2 28 80 50 13
D 26 8567 2 27 53 79 6
L 85 8502 -240
D 84 8501 2 23 85 21 6
D 83 8499 2 16 84 24 6
L 90 8582 -1818
D 89 8581 2 73 90 71 6
D 88 8579 2 66 89 74 6
D 87 8575 2 54 88 76 6
D 86 8567 2 27 87 79 6
D 92 8497 2 17 25 19 6
D 93 8501 2 21 85 23 6
D 94 8497 2 17 18 19 13
D 91 8499 2 92 93 94 6
D 98 8577 2 67 75 69 6
D 99 8581 2 71 90 73 6
D 100 8577 2 67 68 69 13
D 97 8579 2 98 99 100 6
D 96 8575 2 54 97 76 6
D 95 8567 2 27 96 79 6
D 102 8497 2 19 18 17 6
D 103 8497 2 19 25 17 13
D 101 8499 2 102 93 103 6
D 107 8577 2 69 68 67 6
D 108 8577 2 69 75 67 13
D 106 8579 2 107 99 108 6
D 105 8575 2 54 106 76 6
D 104 8567 2 27 105 79 6
D 110 8501 2 21 85 23 22
D 111 8497 2 19 18 17 25
D 112 8501 2 21 22 23 13
D 113 8497 2 19 25 17 6
D 109 8499 3 16 110 111 112 113 13
D 14 8503 5 15 26 83 86 91 95 101 104 109 6
L 116 7142 -218
D 115 7141 2 10 116 8 6
D 114 7139 2 2 115 11 6
D 121 8573 2 60 78 62 6
D 120 8571 2 55 121 63 6
D 122 8579 2 66 99 74 6
D 124 8573 2 60 61 62 13
D 123 8571 2 55 124 63 13
D 119 8575 2 120 122 123 6
D 118 8567 2 27 119 79 6
D 128 8573 2 62 61 60 6
D 127 8571 2 55 128 63 6
D 130 8573 2 62 78 60 13
D 129 8571 2 55 130 63 13
D 126 8575 2 127 122 129 6
D 125 8567 2 27 126 79 6
D 134 8569 2 56 64 58 6
D 135 8569 2 56 57 58 13
D 133 8571 2 134 59 135 6
D 136 8571 2 134 77 135 13
D 132 8575 2 133 122 136 6
D 131 8567 2 27 132 79 6
D 140 8569 2 58 57 56 6
D 141 8569 2 58 64 56 13
D 139 8571 2 140 59 141 6
D 142 8571 2 140 77 141 13
D 138 8575 2 139 122 142 6
D 137 8567 2 27 138 79 6
D 117 8503 5 15 118 83 125 91 131 101 137 109 6
D 144 7137 2 3 12 5 6
D 145 7141 2 8 116 10 6
D 146 7137 2 3 4 5 13
D 143 7139 2 144 145 146 6
D 151 8565 2 45 82 47 6
D 150 8563 2 40 151 48 6
D 149 8559 2 28 150 50 6
D 152 8575 2 54 122 76 6
D 155 8565 2 45 46 47 13
D 154 8563 2 40 155 48 13
D 153 8559 2 28 154 50 13
D 148 8567 2 149 152 153 6
D 159 8565 2 47 46 45 6
D 158 8563 2 40 159 48 6
D 157 8559 2 28 158 50 6
D 162 8565 2 47 82 45 13
D 161 8563 2 40 162 48 13
D 160 8559 2 28 161 50 13
D 156 8567 2 157 152 160 6
D 166 8561 2 41 49 43 6
D 167 8561 2 41 42 43 13
D 165 8563 2 166 44 167 6
D 164 8559 2 28 165 50 6
D 169 8563 2 166 81 167 13
D 168 8559 2 28 169 50 13
D 163 8567 2 164 152 168 6
D 173 8561 2 43 42 41 6
D 174 8561 2 43 49 41 13
D 172 8563 2 173 44 174 6
D 171 8559 2 28 172 50 6
D 176 8563 2 173 81 174 13
D 175 8559 2 28 176 50 13
D 170 8567 2 171 152 175 6
D 147 8503 5 15 148 83 156 91 163 101 170 109 6
D 178 7137 2 5 4 3 6
D 179 7137 2 5 12 3 13
D 177 7139 2 178 145 179 6
D 184 8557 2 34 52 36 6
D 183 8555 2 29 184 37 6
D 186 8557 2 34 35 36 13
D 185 8555 2 29 186 37 13
D 182 8559 2 183 39 185 6
D 187 8559 2 183 80 185 13
D 181 8567 2 182 152 187 6
D 191 8557 2 36 35 34 6
D 190 8555 2 29 191 37 6
D 193 8557 2 36 52 34 13
D 192 8555 2 29 193 37 13
D 189 8559 2 190 39 192 6
D 194 8559 2 190 80 192 13
D 188 8567 2 189 152 194 6
D 198 8553 2 30 38 32 6
D 199 8553 2 30 31 32 13
D 197 8555 2 198 33 199 6
D 200 8555 2 198 51 199 13
D 196 8559 2 197 39 200 6
D 201 8559 2 197 80 200 13
D 195 8567 2 196 152 201 6
D 205 8553 2 32 31 30 6
D 206 8553 2 32 38 30 13
D 204 8555 2 205 33 206 6
D 207 8555 2 205 51 206 13
D 203 8559 2 204 39 207 6
D 208 8559 2 204 80 207 13
D 202 8567 2 203 152 208 6
D 180 8503 5 15 181 83 188 91 195 101 202 109 6
D 210 7141 2 8 116 10 9
D 211 7137 2 5 4 3 12
D 212 7141 2 8 9 10 13
D 213 7137 2 5 12 3 6
D 209 7139 3 2 210 211 212 213 13
D 0 7143 5 1 14 114 117 143 147 177 180 209 6
