c ids of sdd nodes start at 0
c sdd nodes appear bottom-up, children before parents
c
c file syntax:
c sdd count-of-sdd-nodes
c F id-of-false-sdd-node
c T id-of-true-sdd-node
c L id-of-literal-sdd-node id-of-vtree literal
c D id-of-decomposition-sdd-node id-of-vtree number-of-elements {id-of-prime id-of-sub}*
c
sdd 100
L 3 6864 -199
L 4 6866 -200
L 5 6864 199
F 6
D 2 6865 2 3 4 5 6
L 8 6868 -201
L 9 6870 202
L 10 6868 201
D 7 6869 2 8 9 10 6
L 12 6866 200
T 13
D 11 6865 2 3 12 5 13
D 1 6867 2 2 7 11 6
L 16 6984 -197
L 17 6986 198
L 18 6984 197
D 15 6985 2 16 17 18 6
L 22 6988 -1839
L 23 6990 -1840
L 24 6988 1839
D 21 6989 2 22 23 24 6
L 26 6992 -1841
L 27 6994 -1842
L 28 6992 1841
D 25 6993 2 26 27 28 6
L 30 6990 1840
D 29 6989 2 22 30 24 13
D 20 6991 2 21 25 29 6
L 33 6996 -1843
L 34 6998 -1844
L 35 6996 1843
D 32 6997 2 33 34 35 6
L 37 7000 -1845
L 38 7002 1846
L 39 7000 1845
D 36 7001 2 37 38 39 6
L 41 6998 1844
D 40 6997 2 33 41 35 13
D 31 6999 2 32 36 40 6
L 44 6994 1842
D 43 6993 2 26 44 28 13
D 42 6991 2 21 43 29 13
D 19 6995 2 20 31 42 6
L 46 6986 -198
D 45 6985 2 18 46 16 6
D 49 6993 2 26 44 28 6
D 48 6991 2 21 49 29 6
L 52 7002 -1846
D 51 7001 2 37 52 39 6
D 50 6999 2 32 51 40 6
D 54 6993 2 26 27 28 13
D 53 6991 2 21 54 29 13
D 47 6995 2 48 50 53 6
D 55 6985 2 16 46 18 17
D 14 6987 3 15 19 45 47 55 6
L 58 6870 -202
D 57 6869 2 10 58 8 6
D 56 6867 2 2 57 11 6
D 62 7001 2 39 52 37 6
D 61 6999 2 32 62 40 6
D 60 6995 2 20 61 42 6
D 65 6993 2 28 27 26 6
D 64 6991 2 21 65 29 6
D 67 6993 2 28 44 26 13
D 66 6991 2 21 67 29 13
D 63 6995 2 64 50 66 6
D 59 6987 3 15 60 45 63 55 6
D 69 6865 2 3 12 5 6
D 70 6869 2 8 58 10 6
D 71 6865 2 3 4 5 13
D 68 6867 2 69 70 71 6
D 75 6997 2 33 41 35 6
D 76 6997 2 33 34 35 13
D 74 6999 2 75 51 76 6
D 73 6995 2 20 74 42 6
D 79 6989 2 22 30 24 6
D 80 6989 2 22 23 24 13
D 78 6991 2 79 25 80 6
D 81 6991 2 79 43 80 13
D 77 6995 2 78 50 81 6
D 72 6987 3 15 73 45 77 55 6
D 83 6865 2 5 4 3 6
D 84 6865 2 5 12 3 13
D 82 6867 2 83 70 84 6
D 88 6997 2 35 34 33 6
D 89 6997 2 35 41 33 13
D 87 6999 2 88 51 89 6
D 86 6995 2 20 87 42 6
D 92 6989 2 24 23 22 6
D 93 6989 2 24 30 22 13
D 91 6991 2 92 25 93 6
D 94 6991 2 92 43 93 13
D 90 6995 2 91 50 94 6
D 85 6987 3 15 86 45 90 55 6
D 96 6869 2 8 58 10 9
D 97 6865 2 5 4 3 12
D 98 6869 2 8 9 10 13
D 99 6865 2 5 12 3 6
D 95 6867 3 2 96 97 98 99 13
D 0 6871 5 1 14 56 59 68 72 82 85 95 6
