c ids of sdd nodes start at 0
c sdd nodes appear bottom-up, children before parents
c
c file syntax:
c sdd count-of-sdd-nodes
c F id-of-false-sdd-node
c T id-of-true-sdd-node
c L id-of-literal-sdd-node id-of-vtree literal
c D id-of-decomposition-sdd-node id-of-vtree number-of-elements {id-of-prime id-of-sub}*
c
sdd 100
L 3 4528 -141
L 4 4530 -142
L 5 4528 141
F 6
D 2 4529 2 3 4 5 6
L 8 4532 -143
L 9 4534 144
L 10 4532 143
D 7 4533 2 8 9 10 6
L 12 4530 142
T 13
D 11 4529 2 3 12 5 13
D 1 4531 2 2 7 11 6
L 16 6144 -111
L 17 6146 112
L 18 6144 111
D 15 6145 2 16 17 18 6
L 22 6196 -1923
L 23 6198 -1924
L 24 6196 1923
D 21 6197 2 22 23 24 6
L 26 6200 -1925
L 27 6202 -1926
L 28 6200 1925
D 25 6201 2 26 27 28 6
L 30 6198 1924
D 29 6197 2 22 30 24 13
D 20 6199 2 21 25 29 6
L 33 6204 -1927
L 34 6206 -1928
L 35 6204 1927
D 32 6205 2 33 34 35 6
L 37 6208 -1929
L 38 6210 1930
L 39 6208 1929
D 36 6209 2 37 38 39 6
L 41 6206 1928
D 40 6205 2 33 41 35 13
D 31 6207 2 32 36 40 6
L 44 6202 1926
D 43 6201 2 26 44 28 13
D 42 6199 2 21 43 29 13
D 19 6203 2 20 31 42 6
L 46 6146 -112
D 45 6145 2 18 46 16 6
L 50 6210 -1930
D 49 6209 2 39 50 37 6
D 48 6207 2 32 49 40 6
D 47 6203 2 20 48 42 6
D 51 6145 2 16 46 18 17
D 14 6147 3 15 19 45 47 51 6
L 54 4534 -144
D 53 4533 2 10 54 8 6
D 52 4531 2 2 53 11 6
D 58 6205 2 33 41 35 6
D 59 6209 2 37 50 39 6
D 60 6205 2 33 34 35 13
D 57 6207 2 58 59 60 6
D 56 6203 2 20 57 42 6
D 63 6205 2 35 34 33 6
D 64 6205 2 35 41 33 13
D 62 6207 2 63 59 64 6
D 61 6203 2 20 62 42 6
D 55 6147 3 15 56 45 61 51 6
D 66 4529 2 3 12 5 6
D 67 4533 2 8 54 10 6
D 68 4529 2 3 4 5 13
D 65 4531 2 66 67 68 6
D 72 6201 2 26 44 28 6
D 71 6199 2 21 72 29 6
D 73 6207 2 32 59 40 6
D 75 6201 2 26 27 28 13
D 74 6199 2 21 75 29 13
D 70 6203 2 71 73 74 6
D 78 6201 2 28 27 26 6
D 77 6199 2 21 78 29 6
D 80 6201 2 28 44 26 13
D 79 6199 2 21 80 29 13
D 76 6203 2 77 73 79 6
D 69 6147 3 15 70 45 76 51 6
D 82 4529 2 5 4 3 6
D 83 4529 2 5 12 3 13
D 81 4531 2 82 67 83 6
D 87 6197 2 22 30 24 6
D 88 6197 2 22 23 24 13
D 86 6199 2 87 25 88 6
D 89 6199 2 87 43 88 13
D 85 6203 2 86 73 89 6
D 92 6197 2 24 23 22 6
D 93 6197 2 24 30 22 13
D 91 6199 2 92 25 93 6
D 94 6199 2 92 43 93 13
D 90 6203 2 91 73 94 6
D 84 6147 3 15 85 45 90 51 6
D 96 4533 2 8 54 10 9
D 97 4529 2 5 4 3 12
D 98 4533 2 8 9 10 13
D 99 4529 2 5 12 3 6
D 95 4531 3 2 96 97 98 99 13
D 0 4535 5 1 14 52 55 65 69 81 84 95 6
