c ids of sdd nodes start at 0
c sdd nodes appear bottom-up, children before parents
c
c file syntax:
c sdd count-of-sdd-nodes
c F id-of-false-sdd-node
c T id-of-true-sdd-node
c L id-of-literal-sdd-node id-of-vtree literal
c D id-of-decomposition-sdd-node id-of-vtree number-of-elements {id-of-prime id-of-sub}*
c
sdd 98
L 2 504 -149
L 3 506 150
L 4 504 149
F 5
D 1 505 2 2 3 4 5
L 9 1048 -145
L 10 1050 -146
L 11 1048 145
D 8 1049 2 9 10 11 5
L 13 1052 -147
L 14 1054 148
L 15 1052 147
D 12 1053 2 13 14 15 5
L 17 1050 146
T 18
D 16 1049 2 9 17 11 18
D 7 1051 2 8 12 16 5
L 22 1120 -1955
L 23 1122 -1956
L 24 1120 1955
D 21 1121 2 22 23 24 5
L 26 1124 -1957
L 27 1126 -1958
L 28 1124 1957
D 25 1125 2 26 27 28 5
L 30 1122 1956
D 29 1121 2 22 30 24 18
D 20 1123 2 21 25 29 5
L 33 1128 -1959
L 34 1130 -1960
L 35 1128 1959
D 32 1129 2 33 34 35 5
L 37 1132 -1961
L 38 1134 1962
L 39 1132 1961
D 36 1133 2 37 38 39 5
L 41 1130 1960
D 40 1129 2 33 41 35 18
D 31 1131 2 32 36 40 5
L 44 1126 1958
D 43 1125 2 26 44 28 18
D 42 1123 2 21 43 29 18
D 19 1127 2 20 31 42 5
L 47 1054 -148
D 46 1053 2 15 47 13 5
D 45 1051 2 8 46 16 5
L 51 1134 -1962
D 50 1133 2 39 51 37 5
D 49 1131 2 32 50 40 5
D 48 1127 2 20 49 42 5
D 53 1049 2 9 17 11 5
D 54 1053 2 13 47 15 5
D 55 1049 2 9 10 11 18
D 52 1051 2 53 54 55 5
D 58 1129 2 33 41 35 5
D 59 1133 2 37 51 39 5
D 60 1129 2 33 34 35 18
D 57 1131 2 58 59 60 5
D 56 1127 2 20 57 42 5
D 62 1049 2 11 10 9 5
D 63 1049 2 11 17 9 18
D 61 1051 2 62 54 63 5
D 66 1129 2 35 34 33 5
D 67 1129 2 35 41 33 18
D 65 1131 2 66 59 67 5
D 64 1127 2 20 65 42 5
D 69 1053 2 13 47 15 14
D 70 1049 2 11 10 9 17
D 71 1053 2 13 14 15 18
D 72 1049 2 11 17 9 5
D 68 1051 3 8 69 70 71 72 18
D 6 1055 5 7 19 45 48 52 56 61 64 68 5
L 74 506 -150
D 73 505 2 4 74 2 5
D 78 1125 2 26 44 28 5
D 77 1123 2 21 78 29 5
D 79 1131 2 32 59 40 5
D 81 1125 2 26 27 28 18
D 80 1123 2 21 81 29 18
D 76 1127 2 77 79 80 5
D 84 1125 2 28 27 26 5
D 83 1123 2 21 84 29 5
D 86 1125 2 28 44 26 18
D 85 1123 2 21 86 29 18
D 82 1127 2 83 79 85 5
D 89 1121 2 22 30 24 5
D 90 1121 2 22 23 24 18
D 88 1123 2 89 25 90 5
D 91 1123 2 89 43 90 18
D 87 1127 2 88 79 91 5
D 94 1121 2 24 23 22 5
D 95 1121 2 24 30 22 18
D 93 1123 2 94 25 95 5
D 96 1123 2 94 43 95 18
D 92 1127 2 93 79 96 5
D 75 1055 5 7 76 45 82 52 87 61 92 68 5
D 97 505 2 2 74 4 3
D 0 507 3 1 6 73 75 97 5
