c ids of sdd nodes start at 0
c sdd nodes appear bottom-up, children before parents
c
c file syntax:
c sdd count-of-sdd-nodes
c F id-of-false-sdd-node
c T id-of-true-sdd-node
c L id-of-literal-sdd-node id-of-vtree literal
c D id-of-decomposition-sdd-node id-of-vtree number-of-elements {id-of-prime id-of-sub}*
c
sdd 90
L 2 5968 -121
L 3 5970 122
L 4 5968 121
F 5
D 1 5969 2 2 3 4 5
L 8 6232 -179
L 9 6234 180
L 10 6232 179
D 7 6233 2 8 9 10 5
L 13 6584 -107
L 14 6586 108
L 15 6584 107
D 12 6585 2 13 14 15 5
L 19 6652 -1963
L 20 6654 -1964
L 21 6652 1963
D 18 6653 2 19 20 21 5
L 23 6656 -1965
L 24 6658 -1966
L 25 6656 1965
D 22 6657 2 23 24 25 5
L 27 6654 1964
T 28
D 26 6653 2 19 27 21 28
D 17 6655 2 18 22 26 5
L 31 6660 -1967
L 32 6662 -1968
L 33 6660 1967
D 30 6661 2 31 32 33 5
L 35 6664 -1969
L 36 6666 1970
L 37 6664 1969
D 34 6665 2 35 36 37 5
L 39 6662 1968
D 38 6661 2 31 39 33 28
D 29 6663 2 30 34 38 5
L 42 6658 1966
D 41 6657 2 23 42 25 28
D 40 6655 2 18 41 26 28
D 16 6659 2 17 29 40 5
L 44 6586 -108
D 43 6585 2 15 44 13 5
D 47 6657 2 23 42 25 5
D 46 6655 2 18 47 26 5
L 50 6666 -1970
D 49 6665 2 35 50 37 5
D 48 6663 2 30 49 38 5
D 52 6657 2 23 24 25 28
D 51 6655 2 18 52 26 28
D 45 6659 2 46 48 51 5
D 53 6585 2 13 44 15 14
D 11 6587 3 12 16 43 45 53 5
L 55 6234 -180
D 54 6233 2 10 55 8 5
D 59 6661 2 31 39 33 5
D 60 6661 2 31 32 33 28
D 58 6663 2 59 49 60 5
D 57 6659 2 17 58 40 5
D 63 6653 2 19 27 21 5
D 64 6653 2 19 20 21 28
D 62 6655 2 63 22 64 5
D 65 6655 2 63 41 64 28
D 61 6659 2 62 48 65 5
D 56 6587 3 12 57 43 61 53 5
D 66 6233 2 8 55 10 9
D 6 6235 3 7 11 54 56 66 5
L 68 5970 -122
D 67 5969 2 4 68 2 5
D 73 6665 2 37 50 35 5
D 72 6663 2 30 73 38 5
D 71 6659 2 17 72 40 5
D 76 6657 2 25 24 23 5
D 75 6655 2 18 76 26 5
D 78 6657 2 25 42 23 28
D 77 6655 2 18 78 26 28
D 74 6659 2 75 48 77 5
D 70 6587 3 12 71 43 74 53 5
D 82 6661 2 33 32 31 5
D 83 6661 2 33 39 31 28
D 81 6663 2 82 49 83 5
D 80 6659 2 17 81 40 5
D 86 6653 2 21 20 19 5
D 87 6653 2 21 27 19 28
D 85 6655 2 86 22 87 5
D 88 6655 2 86 41 87 28
D 84 6659 2 85 48 88 5
D 79 6587 3 12 80 43 84 53 5
D 69 6235 3 7 70 54 79 66 5
D 89 5969 2 2 68 4 3
D 0 5971 3 1 6 67 69 89 5
