c ids of sdd nodes start at 0
c sdd nodes appear bottom-up, children before parents
c
c file syntax:
c sdd count-of-sdd-nodes
c F id-of-false-sdd-node
c T id-of-true-sdd-node
c L id-of-literal-sdd-node id-of-vtree literal
c D id-of-decomposition-sdd-node id-of-vtree number-of-elements {id-of-prime id-of-sub}*
c
sdd 98
L 2 1640 -83
L 3 1642 84
L 4 1640 83
F 5
D 1 1641 2 2 3 4 5
L 9 1792 -85
L 10 1794 -86
L 11 1792 85
D 8 1793 2 9 10 11 5
L 13 1796 -87
L 14 1798 88
L 15 1796 87
D 12 1797 2 13 14 15 5
L 17 1794 86
T 18
D 16 1793 2 9 17 11 18
D 7 1795 2 8 12 16 5
L 22 1800 -1979
L 23 1802 -1980
L 24 1800 1979
D 21 1801 2 22 23 24 5
L 26 1804 -1981
L 27 1806 -1982
L 28 1804 1981
D 25 1805 2 26 27 28 5
L 30 1802 1980
D 29 1801 2 22 30 24 18
D 20 1803 2 21 25 29 5
L 33 1808 -1983
L 34 1810 -1984
L 35 1808 1983
D 32 1809 2 33 34 35 5
L 37 1812 -1985
L 38 1814 1986
L 39 1812 1985
D 36 1813 2 37 38 39 5
L 41 1810 1984
D 40 1809 2 33 41 35 18
D 31 1811 2 32 36 40 5
L 44 1806 1982
D 43 1805 2 26 44 28 18
D 42 1803 2 21 43 29 18
D 19 1807 2 20 31 42 5
L 47 1798 -88
D 46 1797 2 15 47 13 5
D 45 1795 2 8 46 16 5
D 50 1809 2 33 41 35 5
L 52 1814 -1986
D 51 1813 2 37 52 39 5
D 53 1809 2 33 34 35 18
D 49 1811 2 50 51 53 5
D 48 1807 2 20 49 42 5
D 55 1793 2 9 17 11 5
D 56 1797 2 13 47 15 5
D 57 1793 2 9 10 11 18
D 54 1795 2 55 56 57 5
D 60 1805 2 26 44 28 5
D 59 1803 2 21 60 29 5
D 61 1811 2 32 51 40 5
D 63 1805 2 26 27 28 18
D 62 1803 2 21 63 29 18
D 58 1807 2 59 61 62 5
D 65 1793 2 11 10 9 5
D 66 1793 2 11 17 9 18
D 64 1795 2 65 56 66 5
D 69 1801 2 22 30 24 5
D 70 1801 2 22 23 24 18
D 68 1803 2 69 25 70 5
D 71 1803 2 69 43 70 18
D 67 1807 2 68 61 71 5
D 73 1797 2 13 47 15 14
D 74 1793 2 11 10 9 17
D 75 1797 2 13 14 15 18
D 76 1793 2 11 17 9 5
D 72 1795 3 8 73 74 75 76 18
D 6 1799 5 7 19 45 48 54 58 64 67 72 5
L 78 1642 -84
D 77 1641 2 4 78 2 5
D 82 1813 2 39 52 37 5
D 81 1811 2 32 82 40 5
D 80 1807 2 20 81 42 5
D 85 1809 2 35 34 33 5
D 86 1809 2 35 41 33 18
D 84 1811 2 85 51 86 5
D 83 1807 2 20 84 42 5
D 89 1805 2 28 27 26 5
D 88 1803 2 21 89 29 5
D 91 1805 2 28 44 26 18
D 90 1803 2 21 91 29 18
D 87 1807 2 88 61 90 5
D 94 1801 2 24 23 22 5
D 95 1801 2 24 30 22 18
D 93 1803 2 94 25 95 5
D 96 1803 2 94 43 95 18
D 92 1807 2 93 61 96 5
D 79 1799 5 7 80 45 83 54 87 64 92 72 5
D 97 1641 2 2 78 4 3
D 0 1643 3 1 6 77 79 97 5
