c ids of sdd nodes start at 0
c sdd nodes appear bottom-up, children before parents
c
c file syntax:
c sdd count-of-sdd-nodes
c F id-of-false-sdd-node
c T id-of-true-sdd-node
c L id-of-literal-sdd-node id-of-vtree literal
c D id-of-decomposition-sdd-node id-of-vtree number-of-elements {id-of-prime id-of-sub}*
c
sdd 214
L 3 2536 -55
L 4 2538 -56
L 5 2536 55
F 6
D 2 2537 2 3 4 5 6
L 8 2540 -57
L 9 2542 58
L 10 2540 57
D 7 2541 2 8 9 10 6
L 12 2538 56
T 13
D 11 2537 2 3 12 5 13
D 1 2539 2 2 7 11 6
L 17 2952 -51
L 18 2954 -52
L 19 2952 51
D 16 2953 2 17 18 19 6
L 21 2956 -53
L 22 2958 54
L 23 2956 53
D 20 2957 2 21 22 23 6
L 25 2954 52
D 24 2953 2 17 25 19 13
D 15 2955 2 16 20 24 6
L 30 2992 -2007
L 31 2994 -2008
L 32 2992 2007
D 29 2993 2 30 31 32 6
L 34 2996 -2009
L 35 2998 -2010
L 36 2996 2009
D 33 2997 2 34 35 36 6
L 38 2994 2008
D 37 2993 2 30 38 32 13
D 28 2995 2 29 33 37 6
L 41 3000 -2011
L 42 3002 -2012
L 43 3000 2011
D 40 3001 2 41 42 43 6
L 45 3004 -2013
L 46 3006 -2014
L 47 3004 2013
D 44 3005 2 45 46 47 6
L 49 3002 2012
D 48 3001 2 41 49 43 13
D 39 3003 2 40 44 48 6
L 52 2998 2010
D 51 2997 2 34 52 36 13
D 50 2995 2 29 51 37 13
D 27 2999 2 28 39 50 6
L 56 3008 -2015
L 57 3010 -2016
L 58 3008 2015
D 55 3009 2 56 57 58 6
L 60 3012 -2017
L 61 3014 -2018
L 62 3012 2017
D 59 3013 2 60 61 62 6
L 64 3010 2016
D 63 3009 2 56 64 58 13
D 54 3011 2 55 59 63 6
L 67 3016 -2019
L 68 3018 -2020
L 69 3016 2019
D 66 3017 2 67 68 69 6
L 71 3020 -2021
L 72 3022 2022
L 73 3020 2021
D 70 3021 2 71 72 73 6
L 75 3018 2020
D 74 3017 2 67 75 69 13
D 65 3019 2 66 70 74 6
L 78 3014 2018
D 77 3013 2 60 78 62 13
D 76 3011 2 55 77 63 13
D 53 3015 2 54 65 76 6
L 82 3006 2014
D 81 3005 2 45 82 47 13
D 80 3003 2 40 81 48 13
D 79 2999 2 28 80 50 13
D 26 3007 2 27 53 79 6
L 85 2958 -54
D 84 2957 2 23 85 21 6
D 83 2955 2 16 84 24 6
L 90 3022 -2022
D 89 3021 2 73 90 71 6
D 88 3019 2 66 89 74 6
D 87 3015 2 54 88 76 6
D 86 3007 2 27 87 79 6
D 92 2953 2 17 25 19 6
D 93 2957 2 21 85 23 6
D 94 2953 2 17 18 19 13
D 91 2955 2 92 93 94 6
D 98 3017 2 67 75 69 6
D 99 3021 2 71 90 73 6
D 100 3017 2 67 68 69 13
D 97 3019 2 98 99 100 6
D 96 3015 2 54 97 76 6
D 95 3007 2 27 96 79 6
D 102 2953 2 19 18 17 6
D 103 2953 2 19 25 17 13
D 101 2955 2 102 93 103 6
D 107 3017 2 69 68 67 6
D 108 3017 2 69 75 67 13
D 106 3019 2 107 99 108 6
D 105 3015 2 54 106 76 6
D 104 3007 2 27 105 79 6
D 110 2957 2 21 85 23 22
D 111 2953 2 19 18 17 25
D 112 2957 2 21 22 23 13
D 113 2953 2 19 25 17 6
D 109 2955 3 16 110 111 112 113 13
D 14 2959 5 15 26 83 86 91 95 101 104 109 6
L 116 2542 -58
D 115 2541 2 10 116 8 6
D 114 2539 2 2 115 11 6
D 121 3013 2 60 78 62 6
D 120 3011 2 55 121 63 6
D 122 3019 2 66 99 74 6
D 124 3013 2 60 61 62 13
D 123 3011 2 55 124 63 13
D 119 3015 2 120 122 123 6
D 118 3007 2 27 119 79 6
D 128 3013 2 62 61 60 6
D 127 3011 2 55 128 63 6
D 130 3013 2 62 78 60 13
D 129 3011 2 55 130 63 13
D 126 3015 2 127 122 129 6
D 125 3007 2 27 126 79 6
D 134 3009 2 56 64 58 6
D 135 3009 2 56 57 58 13
D 133 3011 2 134 59 135 6
D 136 3011 2 134 77 135 13
D 132 3015 2 133 122 136 6
D 131 3007 2 27 132 79 6
D 140 3009 2 58 57 56 6
D 141 3009 2 58 64 56 13
D 139 3011 2 140 59 141 6
D 142 3011 2 140 77 141 13
D 138 3015 2 139 122 142 6
D 137 3007 2 27 138 79 6
D 117 2959 5 15 118 83 125 91 131 101 137 109 6
D 144 2537 2 3 12 5 6
D 145 2541 2 8 116 10 6
D 146 2537 2 3 4 5 13
D 143 2539 2 144 145 146 6
D 151 3005 2 45 82 47 6
D 150 3003 2 40 151 48 6
D 149 2999 2 28 150 50 6
D 152 3015 2 54 122 76 6
D 155 3005 2 45 46 47 13
D 154 3003 2 40 155 48 13
D 153 2999 2 28 154 50 13
D 148 3007 2 149 152 153 6
D 159 3005 2 47 46 45 6
D 158 3003 2 40 159 48 6
D 157 2999 2 28 158 50 6
D 162 3005 2 47 82 45 13
D 161 3003 2 40 162 48 13
D 160 2999 2 28 161 50 13
D 156 3007 2 157 152 160 6
D 166 3001 2 41 49 43 6
D 167 3001 2 41 42 43 13
D 165 3003 2 166 44 167 6
D 164 2999 2 28 165 50 6
D 169 3003 2 166 81 167 13
D 168 2999 2 28 169 50 13
D 163 3007 2 164 152 168 6
D 173 3001 2 43 42 41 6
D 174 3001 2 43 49 41 13
D 172 3003 2 173 44 174 6
D 171 2999 2 28 172 50 6
D 176 3003 2 173 81 174 13
D 175 2999 2 28 176 50 13
D 170 3007 2 171 152 175 6
D 147 2959 5 15 148 83 156 91 163 101 170 109 6
D 178 2537 2 5 4 3 6
D 179 2537 2 5 12 3 13
D 177 2539 2 178 145 179 6
D 184 2997 2 34 52 36 6
D 183 2995 2 29 184 37 6
D 186 2997 2 34 35 36 13
D 185 2995 2 29 186 37 13
D 182 2999 2 183 39 185 6
D 187 2999 2 183 80 185 13
D 181 3007 2 182 152 187 6
D 191 2997 2 36 35 34 6
D 190 2995 2 29 191 37 6
D 193 2997 2 36 52 34 13
D 192 2995 2 29 193 37 13
D 189 2999 2 190 39 192 6
D 194 2999 2 190 80 192 13
D 188 3007 2 189 152 194 6
D 198 2993 2 30 38 32 6
D 199 2993 2 30 31 32 13
D 197 2995 2 198 33 199 6
D 200 2995 2 198 51 199 13
D 196 2999 2 197 39 200 6
D 201 2999 2 197 80 200 13
D 195 3007 2 196 152 201 6
D 205 2993 2 32 31 30 6
D 206 2993 2 32 38 30 13
D 204 2995 2 205 33 206 6
D 207 2995 2 205 51 206 13
D 203 2999 2 204 39 207 6
D 208 2999 2 204 80 207 13
D 202 3007 2 203 152 208 6
D 180 2959 5 15 181 83 188 91 195 101 202 109 6
D 210 2541 2 8 116 10 9
D 211 2537 2 5 4 3 12
D 212 2541 2 8 9 10 13
D 213 2537 2 5 12 3 6
D 209 2539 3 2 210 211 212 213 13
D 0 2543 5 1 14 114 117 143 147 177 180 209 6
