c ids of sdd nodes start at 0
c sdd nodes appear bottom-up, children before parents
c
c file syntax:
c sdd count-of-sdd-nodes
c F id-of-false-sdd-node
c T id-of-true-sdd-node
c L id-of-literal-sdd-node id-of-vtree literal
c D id-of-decomposition-sdd-node id-of-vtree number-of-elements {id-of-prime id-of-sub}*
c
sdd 100
L 3 7216 -203
L 4 7218 -204
L 5 7216 203
F 6
D 2 7217 2 3 4 5 6
L 8 7220 -205
L 9 7222 206
L 10 7220 205
D 7 7221 2 8 9 10 6
L 12 7218 204
T 13
D 11 7217 2 3 12 5 13
D 1 7219 2 2 7 11 6
L 16 7736 -219
L 17 7738 220
L 18 7736 219
D 15 7737 2 16 17 18 6
L 22 7780 -2027
L 23 7782 -2028
L 24 7780 2027
D 21 7781 2 22 23 24 6
L 26 7784 -2029
L 27 7786 -2030
L 28 7784 2029
D 25 7785 2 26 27 28 6
L 30 7782 2028
D 29 7781 2 22 30 24 13
D 20 7783 2 21 25 29 6
L 33 7788 -2031
L 34 7790 -2032
L 35 7788 2031
D 32 7789 2 33 34 35 6
L 37 7792 -2033
L 38 7794 2034
L 39 7792 2033
D 36 7793 2 37 38 39 6
L 41 7790 2032
D 40 7789 2 33 41 35 13
D 31 7791 2 32 36 40 6
L 44 7786 2030
D 43 7785 2 26 44 28 13
D 42 7783 2 21 43 29 13
D 19 7787 2 20 31 42 6
L 46 7738 -220
D 45 7737 2 18 46 16 6
D 49 7785 2 26 44 28 6
D 48 7783 2 21 49 29 6
L 52 7794 -2034
D 51 7793 2 37 52 39 6
D 50 7791 2 32 51 40 6
D 54 7785 2 26 27 28 13
D 53 7783 2 21 54 29 13
D 47 7787 2 48 50 53 6
D 55 7737 2 16 46 18 17
D 14 7739 3 15 19 45 47 55 6
L 58 7222 -206
D 57 7221 2 10 58 8 6
D 56 7219 2 2 57 11 6
D 62 7793 2 39 52 37 6
D 61 7791 2 32 62 40 6
D 60 7787 2 20 61 42 6
D 65 7785 2 28 27 26 6
D 64 7783 2 21 65 29 6
D 67 7785 2 28 44 26 13
D 66 7783 2 21 67 29 13
D 63 7787 2 64 50 66 6
D 59 7739 3 15 60 45 63 55 6
D 69 7217 2 3 12 5 6
D 70 7221 2 8 58 10 6
D 71 7217 2 3 4 5 13
D 68 7219 2 69 70 71 6
D 75 7789 2 33 41 35 6
D 76 7789 2 33 34 35 13
D 74 7791 2 75 51 76 6
D 73 7787 2 20 74 42 6
D 79 7781 2 22 30 24 6
D 80 7781 2 22 23 24 13
D 78 7783 2 79 25 80 6
D 81 7783 2 79 43 80 13
D 77 7787 2 78 50 81 6
D 72 7739 3 15 73 45 77 55 6
D 83 7217 2 5 4 3 6
D 84 7217 2 5 12 3 13
D 82 7219 2 83 70 84 6
D 88 7789 2 35 34 33 6
D 89 7789 2 35 41 33 13
D 87 7791 2 88 51 89 6
D 86 7787 2 20 87 42 6
D 92 7781 2 24 23 22 6
D 93 7781 2 24 30 22 13
D 91 7783 2 92 25 93 6
D 94 7783 2 92 43 93 13
D 90 7787 2 91 50 94 6
D 85 7739 3 15 86 45 90 55 6
D 96 7221 2 8 58 10 9
D 97 7217 2 5 4 3 12
D 98 7221 2 8 9 10 13
D 99 7217 2 5 12 3 6
D 95 7219 3 2 96 97 98 99 13
D 0 7223 5 1 14 56 59 68 72 82 85 95 6
