c ids of sdd nodes start at 0
c sdd nodes appear bottom-up, children before parents
c
c file syntax:
c sdd count-of-sdd-nodes
c F id-of-false-sdd-node
c T id-of-true-sdd-node
c L id-of-literal-sdd-node id-of-vtree literal
c D id-of-decomposition-sdd-node id-of-vtree number-of-elements {id-of-prime id-of-sub}*
c
sdd 100
L 3 216 -125
L 4 218 -126
L 5 216 125
F 6
D 2 217 2 3 4 5 6
L 8 220 -127
L 9 222 128
L 10 220 127
D 7 221 2 8 9 10 6
L 12 218 126
T 13
D 11 217 2 3 12 5 13
D 1 219 2 2 7 11 6
L 16 928 -163
L 17 930 164
L 18 928 163
D 15 929 2 16 17 18 6
L 22 988 -2039
L 23 990 -2040
L 24 988 2039
D 21 989 2 22 23 24 6
L 26 992 -2041
L 27 994 -2042
L 28 992 2041
D 25 993 2 26 27 28 6
L 30 990 2040
D 29 989 2 22 30 24 13
D 20 991 2 21 25 29 6
L 33 996 -2043
L 34 998 -2044
L 35 996 2043
D 32 997 2 33 34 35 6
L 37 1000 -2045
L 38 1002 2046
L 39 1000 2045
D 36 1001 2 37 38 39 6
L 41 998 2044
D 40 997 2 33 41 35 13
D 31 999 2 32 36 40 6
L 44 994 2042
D 43 993 2 26 44 28 13
D 42 991 2 21 43 29 13
D 19 995 2 20 31 42 6
L 46 930 -164
D 45 929 2 18 46 16 6
L 50 1002 -2046
D 49 1001 2 39 50 37 6
D 48 999 2 32 49 40 6
D 47 995 2 20 48 42 6
D 51 929 2 16 46 18 17
D 14 931 3 15 19 45 47 51 6
L 54 222 -128
D 53 221 2 10 54 8 6
D 52 219 2 2 53 11 6
D 58 997 2 33 41 35 6
D 59 1001 2 37 50 39 6
D 60 997 2 33 34 35 13
D 57 999 2 58 59 60 6
D 56 995 2 20 57 42 6
D 63 997 2 35 34 33 6
D 64 997 2 35 41 33 13
D 62 999 2 63 59 64 6
D 61 995 2 20 62 42 6
D 55 931 3 15 56 45 61 51 6
D 66 217 2 3 12 5 6
D 67 221 2 8 54 10 6
D 68 217 2 3 4 5 13
D 65 219 2 66 67 68 6
D 72 993 2 26 44 28 6
D 71 991 2 21 72 29 6
D 73 999 2 32 59 40 6
D 75 993 2 26 27 28 13
D 74 991 2 21 75 29 13
D 70 995 2 71 73 74 6
D 78 993 2 28 27 26 6
D 77 991 2 21 78 29 6
D 80 993 2 28 44 26 13
D 79 991 2 21 80 29 13
D 76 995 2 77 73 79 6
D 69 931 3 15 70 45 76 51 6
D 82 217 2 5 4 3 6
D 83 217 2 5 12 3 13
D 81 219 2 82 67 83 6
D 87 989 2 22 30 24 6
D 88 989 2 22 23 24 13
D 86 991 2 87 25 88 6
D 89 991 2 87 43 88 13
D 85 995 2 86 73 89 6
D 92 989 2 24 23 22 6
D 93 989 2 24 30 22 13
D 91 991 2 92 25 93 6
D 94 991 2 92 43 93 13
D 90 995 2 91 73 94 6
D 84 931 3 15 85 45 90 51 6
D 96 221 2 8 54 10 9
D 97 217 2 5 4 3 12
D 98 221 2 8 9 10 13
D 99 217 2 5 12 3 6
D 95 219 3 2 96 97 98 99 13
D 0 223 5 1 14 52 55 65 69 81 84 95 6
