c ids of sdd nodes start at 0
c sdd nodes appear bottom-up, children before parents
c
c file syntax:
c sdd count-of-sdd-nodes
c F id-of-false-sdd-node
c T id-of-true-sdd-node
c L id-of-literal-sdd-node id-of-vtree literal
c D id-of-decomposition-sdd-node id-of-vtree number-of-elements {id-of-prime id-of-sub}*
c
sdd 98
L 2 424 -159
L 3 426 160
L 4 424 159
F 5
D 1 425 2 2 3 4 5
L 9 600 -151
L 10 602 -152
L 11 600 151
D 8 601 2 9 10 11 5
L 13 604 -153
L 14 606 154
L 15 604 153
D 12 605 2 13 14 15 5
L 17 602 152
T 18
D 16 601 2 9 17 11 18
D 7 603 2 8 12 16 5
L 22 672 -2091
L 23 674 -2092
L 24 672 2091
D 21 673 2 22 23 24 5
L 26 676 -2093
L 27 678 -2094
L 28 676 2093
D 25 677 2 26 27 28 5
L 30 674 2092
D 29 673 2 22 30 24 18
D 20 675 2 21 25 29 5
L 33 680 -2095
L 34 682 -2096
L 35 680 2095
D 32 681 2 33 34 35 5
L 37 684 -2097
L 38 686 2098
L 39 684 2097
D 36 685 2 37 38 39 5
L 41 682 2096
D 40 681 2 33 41 35 18
D 31 683 2 32 36 40 5
L 44 678 2094
D 43 677 2 26 44 28 18
D 42 675 2 21 43 29 18
D 19 679 2 20 31 42 5
L 47 606 -154
D 46 605 2 15 47 13 5
D 45 603 2 8 46 16 5
D 50 681 2 33 41 35 5
L 52 686 -2098
D 51 685 2 37 52 39 5
D 53 681 2 33 34 35 18
D 49 683 2 50 51 53 5
D 48 679 2 20 49 42 5
D 55 601 2 9 17 11 5
D 56 605 2 13 47 15 5
D 57 601 2 9 10 11 18
D 54 603 2 55 56 57 5
D 60 677 2 26 44 28 5
D 59 675 2 21 60 29 5
D 61 683 2 32 51 40 5
D 63 677 2 26 27 28 18
D 62 675 2 21 63 29 18
D 58 679 2 59 61 62 5
D 65 601 2 11 10 9 5
D 66 601 2 11 17 9 18
D 64 603 2 65 56 66 5
D 69 673 2 22 30 24 5
D 70 673 2 22 23 24 18
D 68 675 2 69 25 70 5
D 71 675 2 69 43 70 18
D 67 679 2 68 61 71 5
D 73 605 2 13 47 15 14
D 74 601 2 11 10 9 17
D 75 605 2 13 14 15 18
D 76 601 2 11 17 9 5
D 72 603 3 8 73 74 75 76 18
D 6 607 5 7 19 45 48 54 58 64 67 72 5
L 78 426 -160
D 77 425 2 4 78 2 5
D 82 685 2 39 52 37 5
D 81 683 2 32 82 40 5
D 80 679 2 20 81 42 5
D 85 681 2 35 34 33 5
D 86 681 2 35 41 33 18
D 84 683 2 85 51 86 5
D 83 679 2 20 84 42 5
D 89 677 2 28 27 26 5
D 88 675 2 21 89 29 5
D 91 677 2 28 44 26 18
D 90 675 2 21 91 29 18
D 87 679 2 88 61 90 5
D 94 673 2 24 23 22 5
D 95 673 2 24 30 22 18
D 93 675 2 94 25 95 5
D 96 675 2 94 43 95 18
D 92 679 2 93 61 96 5
D 79 607 5 7 80 45 83 54 87 64 92 72 5
D 97 425 2 2 78 4 3
D 0 427 3 1 6 77 79 97 5
