c ids of sdd nodes start at 0
c sdd nodes appear bottom-up, children before parents
c
c file syntax:
c sdd count-of-sdd-nodes
c F id-of-false-sdd-node
c T id-of-true-sdd-node
c L id-of-literal-sdd-node id-of-vtree literal
c D id-of-decomposition-sdd-node id-of-vtree number-of-elements {id-of-prime id-of-sub}*
c
sdd 98
L 2 160 -119
L 3 162 120
L 4 160 119
F 5
D 1 161 2 2 3 4 5
L 9 1048 -145
L 10 1050 -146
L 11 1048 145
D 8 1049 2 9 10 11 5
L 13 1052 -147
L 14 1054 148
L 15 1052 147
D 12 1053 2 13 14 15 5
L 17 1050 146
T 18
D 16 1049 2 9 17 11 18
D 7 1051 2 8 12 16 5
L 22 1168 -2175
L 23 1170 -2176
L 24 1168 2175
D 21 1169 2 22 23 24 5
L 26 1172 -2177
L 27 1174 -2178
L 28 1172 2177
D 25 1173 2 26 27 28 5
L 30 1170 2176
D 29 1169 2 22 30 24 18
D 20 1171 2 21 25 29 5
L 33 1176 -2179
L 34 1178 -2180
L 35 1176 2179
D 32 1177 2 33 34 35 5
L 37 1180 -2181
L 38 1182 2182
L 39 1180 2181
D 36 1181 2 37 38 39 5
L 41 1178 2180
D 40 1177 2 33 41 35 18
D 31 1179 2 32 36 40 5
L 44 1174 2178
D 43 1173 2 26 44 28 18
D 42 1171 2 21 43 29 18
D 19 1175 2 20 31 42 5
L 47 1054 -148
D 46 1053 2 15 47 13 5
D 45 1051 2 8 46 16 5
L 51 1182 -2182
D 50 1181 2 39 51 37 5
D 49 1179 2 32 50 40 5
D 48 1175 2 20 49 42 5
D 53 1049 2 9 17 11 5
D 54 1053 2 13 47 15 5
D 55 1049 2 9 10 11 18
D 52 1051 2 53 54 55 5
D 58 1177 2 33 41 35 5
D 59 1181 2 37 51 39 5
D 60 1177 2 33 34 35 18
D 57 1179 2 58 59 60 5
D 56 1175 2 20 57 42 5
D 62 1049 2 11 10 9 5
D 63 1049 2 11 17 9 18
D 61 1051 2 62 54 63 5
D 66 1177 2 35 34 33 5
D 67 1177 2 35 41 33 18
D 65 1179 2 66 59 67 5
D 64 1175 2 20 65 42 5
D 69 1053 2 13 47 15 14
D 70 1049 2 11 10 9 17
D 71 1053 2 13 14 15 18
D 72 1049 2 11 17 9 5
D 68 1051 3 8 69 70 71 72 18
D 6 1055 5 7 19 45 48 52 56 61 64 68 5
L 74 162 -120
D 73 161 2 4 74 2 5
D 78 1173 2 26 44 28 5
D 77 1171 2 21 78 29 5
D 79 1179 2 32 59 40 5
D 81 1173 2 26 27 28 18
D 80 1171 2 21 81 29 18
D 76 1175 2 77 79 80 5
D 84 1173 2 28 27 26 5
D 83 1171 2 21 84 29 5
D 86 1173 2 28 44 26 18
D 85 1171 2 21 86 29 18
D 82 1175 2 83 79 85 5
D 89 1169 2 22 30 24 5
D 90 1169 2 22 23 24 18
D 88 1171 2 89 25 90 5
D 91 1171 2 89 43 90 18
D 87 1175 2 88 79 91 5
D 94 1169 2 24 23 22 5
D 95 1169 2 24 30 22 18
D 93 1171 2 94 25 95 5
D 96 1171 2 94 43 95 18
D 92 1175 2 93 79 96 5
D 75 1055 5 7 76 45 82 52 87 61 92 68 5
D 97 161 2 2 74 4 3
D 0 163 3 1 6 73 75 97 5
