c ids of sdd nodes start at 0
c sdd nodes appear bottom-up, children before parents
c
c file syntax:
c sdd count-of-sdd-nodes
c F id-of-false-sdd-node
c T id-of-true-sdd-node
c L id-of-literal-sdd-node id-of-vtree literal
c D id-of-decomposition-sdd-node id-of-vtree number-of-elements {id-of-prime id-of-sub}*
c
sdd 98
L 2 344 -131
L 3 346 132
L 4 344 131
F 5
D 1 345 2 2 3 4 5
L 9 1048 -145
L 10 1050 -146
L 11 1048 145
D 8 1049 2 9 10 11 5
L 13 1052 -147
L 14 1054 148
L 15 1052 147
D 12 1053 2 13 14 15 5
L 17 1050 146
T 18
D 16 1049 2 9 17 11 18
D 7 1051 2 8 12 16 5
L 22 1184 -2243
L 23 1186 -2244
L 24 1184 2243
D 21 1185 2 22 23 24 5
L 26 1188 -2245
L 27 1190 -2246
L 28 1188 2245
D 25 1189 2 26 27 28 5
L 30 1186 2244
D 29 1185 2 22 30 24 18
D 20 1187 2 21 25 29 5
L 33 1192 -2247
L 34 1194 -2248
L 35 1192 2247
D 32 1193 2 33 34 35 5
L 37 1196 -2249
L 38 1198 2250
L 39 1196 2249
D 36 1197 2 37 38 39 5
L 41 1194 2248
D 40 1193 2 33 41 35 18
D 31 1195 2 32 36 40 5
L 44 1190 2246
D 43 1189 2 26 44 28 18
D 42 1187 2 21 43 29 18
D 19 1191 2 20 31 42 5
L 47 1054 -148
D 46 1053 2 15 47 13 5
D 45 1051 2 8 46 16 5
L 51 1198 -2250
D 50 1197 2 39 51 37 5
D 49 1195 2 32 50 40 5
D 48 1191 2 20 49 42 5
D 53 1049 2 9 17 11 5
D 54 1053 2 13 47 15 5
D 55 1049 2 9 10 11 18
D 52 1051 2 53 54 55 5
D 58 1193 2 33 41 35 5
D 59 1197 2 37 51 39 5
D 60 1193 2 33 34 35 18
D 57 1195 2 58 59 60 5
D 56 1191 2 20 57 42 5
D 62 1049 2 11 10 9 5
D 63 1049 2 11 17 9 18
D 61 1051 2 62 54 63 5
D 66 1193 2 35 34 33 5
D 67 1193 2 35 41 33 18
D 65 1195 2 66 59 67 5
D 64 1191 2 20 65 42 5
D 69 1053 2 13 47 15 14
D 70 1049 2 11 10 9 17
D 71 1053 2 13 14 15 18
D 72 1049 2 11 17 9 5
D 68 1051 3 8 69 70 71 72 18
D 6 1055 5 7 19 45 48 52 56 61 64 68 5
L 74 346 -132
D 73 345 2 4 74 2 5
D 78 1189 2 26 44 28 5
D 77 1187 2 21 78 29 5
D 79 1195 2 32 59 40 5
D 81 1189 2 26 27 28 18
D 80 1187 2 21 81 29 18
D 76 1191 2 77 79 80 5
D 84 1189 2 28 27 26 5
D 83 1187 2 21 84 29 5
D 86 1189 2 28 44 26 18
D 85 1187 2 21 86 29 18
D 82 1191 2 83 79 85 5
D 89 1185 2 22 30 24 5
D 90 1185 2 22 23 24 18
D 88 1187 2 89 25 90 5
D 91 1187 2 89 43 90 18
D 87 1191 2 88 79 91 5
D 94 1185 2 24 23 22 5
D 95 1185 2 24 30 22 18
D 93 1187 2 94 25 95 5
D 96 1187 2 94 43 95 18
D 92 1191 2 93 79 96 5
D 75 1055 5 7 76 45 82 52 87 61 92 68 5
D 97 345 2 2 74 4 3
D 0 347 3 1 6 73 75 97 5
