c ids of sdd nodes start at 0
c sdd nodes appear bottom-up, children before parents
c
c file syntax:
c sdd count-of-sdd-nodes
c F id-of-false-sdd-node
c T id-of-true-sdd-node
c L id-of-literal-sdd-node id-of-vtree literal
c D id-of-decomposition-sdd-node id-of-vtree number-of-elements {id-of-prime id-of-sub}*
c
sdd 98
L 2 928 -163
L 3 930 164
L 4 928 163
F 5
D 1 929 2 2 3 4 5
L 9 5256 -169
L 10 5258 -170
L 11 5256 169
D 8 5257 2 9 10 11 5
L 13 5260 -171
L 14 5262 172
L 15 5260 171
D 12 5261 2 13 14 15 5
L 17 5258 170
T 18
D 16 5257 2 9 17 11 18
D 7 5259 2 8 12 16 5
L 22 5392 -2263
L 23 5394 -2264
L 24 5392 2263
D 21 5393 2 22 23 24 5
L 26 5396 -2265
L 27 5398 -2266
L 28 5396 2265
D 25 5397 2 26 27 28 5
L 30 5394 2264
D 29 5393 2 22 30 24 18
D 20 5395 2 21 25 29 5
L 33 5400 -2267
L 34 5402 -2268
L 35 5400 2267
D 32 5401 2 33 34 35 5
L 37 5404 -2269
L 38 5406 2270
L 39 5404 2269
D 36 5405 2 37 38 39 5
L 41 5402 2268
D 40 5401 2 33 41 35 18
D 31 5403 2 32 36 40 5
L 44 5398 2266
D 43 5397 2 26 44 28 18
D 42 5395 2 21 43 29 18
D 19 5399 2 20 31 42 5
L 47 5262 -172
D 46 5261 2 15 47 13 5
D 45 5259 2 8 46 16 5
D 50 5401 2 33 41 35 5
L 52 5406 -2270
D 51 5405 2 37 52 39 5
D 53 5401 2 33 34 35 18
D 49 5403 2 50 51 53 5
D 48 5399 2 20 49 42 5
D 55 5257 2 9 17 11 5
D 56 5261 2 13 47 15 5
D 57 5257 2 9 10 11 18
D 54 5259 2 55 56 57 5
D 60 5397 2 26 44 28 5
D 59 5395 2 21 60 29 5
D 61 5403 2 32 51 40 5
D 63 5397 2 26 27 28 18
D 62 5395 2 21 63 29 18
D 58 5399 2 59 61 62 5
D 65 5257 2 11 10 9 5
D 66 5257 2 11 17 9 18
D 64 5259 2 65 56 66 5
D 69 5393 2 22 30 24 5
D 70 5393 2 22 23 24 18
D 68 5395 2 69 25 70 5
D 71 5395 2 69 43 70 18
D 67 5399 2 68 61 71 5
D 73 5261 2 13 47 15 14
D 74 5257 2 11 10 9 17
D 75 5261 2 13 14 15 18
D 76 5257 2 11 17 9 5
D 72 5259 3 8 73 74 75 76 18
D 6 5263 5 7 19 45 48 54 58 64 67 72 5
L 78 930 -164
D 77 929 2 4 78 2 5
D 82 5405 2 39 52 37 5
D 81 5403 2 32 82 40 5
D 80 5399 2 20 81 42 5
D 85 5401 2 35 34 33 5
D 86 5401 2 35 41 33 18
D 84 5403 2 85 51 86 5
D 83 5399 2 20 84 42 5
D 89 5397 2 28 27 26 5
D 88 5395 2 21 89 29 5
D 91 5397 2 28 44 26 18
D 90 5395 2 21 91 29 18
D 87 5399 2 88 61 90 5
D 94 5393 2 24 23 22 5
D 95 5393 2 24 30 22 18
D 93 5395 2 94 25 95 5
D 96 5395 2 94 43 95 18
D 92 5399 2 93 61 96 5
D 79 5263 5 7 80 45 83 54 87 64 92 72 5
D 97 929 2 2 78 4 3
D 0 931 3 1 6 77 79 97 5
