c ids of sdd nodes start at 0
c sdd nodes appear bottom-up, children before parents
c
c file syntax:
c sdd count-of-sdd-nodes
c F id-of-false-sdd-node
c T id-of-true-sdd-node
c L id-of-literal-sdd-node id-of-vtree literal
c D id-of-decomposition-sdd-node id-of-vtree number-of-elements {id-of-prime id-of-sub}*
c
sdd 100
L 3 5256 -169
L 4 5258 -170
L 5 5256 169
F 6
D 2 5257 2 3 4 5 6
L 8 5260 -171
L 9 5262 172
L 10 5260 171
D 7 5261 2 8 9 10 6
L 12 5258 170
T 13
D 11 5257 2 3 12 5 13
D 1 5259 2 2 7 11 6
L 16 5968 -121
L 17 5970 122
L 18 5968 121
D 15 5969 2 16 17 18 6
L 22 6028 -2295
L 23 6030 -2296
L 24 6028 2295
D 21 6029 2 22 23 24 6
L 26 6032 -2297
L 27 6034 -2298
L 28 6032 2297
D 25 6033 2 26 27 28 6
L 30 6030 2296
D 29 6029 2 22 30 24 13
D 20 6031 2 21 25 29 6
L 33 6036 -2299
L 34 6038 -2300
L 35 6036 2299
D 32 6037 2 33 34 35 6
L 37 6040 -2301
L 38 6042 2302
L 39 6040 2301
D 36 6041 2 37 38 39 6
L 41 6038 2300
D 40 6037 2 33 41 35 13
D 31 6039 2 32 36 40 6
L 44 6034 2298
D 43 6033 2 26 44 28 13
D 42 6031 2 21 43 29 13
D 19 6035 2 20 31 42 6
L 46 5970 -122
D 45 5969 2 18 46 16 6
L 50 6042 -2302
D 49 6041 2 39 50 37 6
D 48 6039 2 32 49 40 6
D 47 6035 2 20 48 42 6
D 51 5969 2 16 46 18 17
D 14 5971 3 15 19 45 47 51 6
L 54 5262 -172
D 53 5261 2 10 54 8 6
D 52 5259 2 2 53 11 6
D 58 6037 2 33 41 35 6
D 59 6041 2 37 50 39 6
D 60 6037 2 33 34 35 13
D 57 6039 2 58 59 60 6
D 56 6035 2 20 57 42 6
D 63 6037 2 35 34 33 6
D 64 6037 2 35 41 33 13
D 62 6039 2 63 59 64 6
D 61 6035 2 20 62 42 6
D 55 5971 3 15 56 45 61 51 6
D 66 5257 2 3 12 5 6
D 67 5261 2 8 54 10 6
D 68 5257 2 3 4 5 13
D 65 5259 2 66 67 68 6
D 72 6033 2 26 44 28 6
D 71 6031 2 21 72 29 6
D 73 6039 2 32 59 40 6
D 75 6033 2 26 27 28 13
D 74 6031 2 21 75 29 13
D 70 6035 2 71 73 74 6
D 78 6033 2 28 27 26 6
D 77 6031 2 21 78 29 6
D 80 6033 2 28 44 26 13
D 79 6031 2 21 80 29 13
D 76 6035 2 77 73 79 6
D 69 5971 3 15 70 45 76 51 6
D 82 5257 2 5 4 3 6
D 83 5257 2 5 12 3 13
D 81 5259 2 82 67 83 6
D 87 6029 2 22 30 24 6
D 88 6029 2 22 23 24 13
D 86 6031 2 87 25 88 6
D 89 6031 2 87 43 88 13
D 85 6035 2 86 73 89 6
D 92 6029 2 24 23 22 6
D 93 6029 2 24 30 22 13
D 91 6031 2 92 25 93 6
D 94 6031 2 92 43 93 13
D 90 6035 2 91 73 94 6
D 84 5971 3 15 85 45 90 51 6
D 96 5261 2 8 54 10 9
D 97 5257 2 5 4 3 12
D 98 5261 2 8 9 10 13
D 99 5257 2 5 12 3 6
D 95 5259 3 2 96 97 98 99 13
D 0 5263 5 1 14 52 55 65 69 81 84 95 6
