c ids of sdd nodes start at 0
c sdd nodes appear bottom-up, children before parents
c
c file syntax:
c sdd count-of-sdd-nodes
c F id-of-false-sdd-node
c T id-of-true-sdd-node
c L id-of-literal-sdd-node id-of-vtree literal
c D id-of-decomposition-sdd-node id-of-vtree number-of-elements {id-of-prime id-of-sub}*
c
sdd 214
L 3 216 -125
L 4 218 -126
L 5 216 125
F 6
D 2 217 2 3 4 5 6
L 8 220 -127
L 9 222 128
L 10 220 127
D 7 221 2 8 9 10 6
L 12 218 126
T 13
D 11 217 2 3 12 5 13
D 1 219 2 2 7 11 6
L 17 4528 -141
L 18 4530 -142
L 19 4528 141
D 16 4529 2 17 18 19 6
L 21 4532 -143
L 22 4534 144
L 23 4532 143
D 20 4533 2 21 22 23 6
L 25 4530 142
D 24 4529 2 17 25 19 13
D 15 4531 2 16 20 24 6
L 30 4760 -2335
L 31 4762 -2336
L 32 4760 2335
D 29 4761 2 30 31 32 6
L 34 4764 -2337
L 35 4766 -2338
L 36 4764 2337
D 33 4765 2 34 35 36 6
L 38 4762 2336
D 37 4761 2 30 38 32 13
D 28 4763 2 29 33 37 6
L 41 4768 -2339
L 42 4770 -2340
L 43 4768 2339
D 40 4769 2 41 42 43 6
L 45 4772 -2341
L 46 4774 -2342
L 47 4772 2341
D 44 4773 2 45 46 47 6
L 49 4770 2340
D 48 4769 2 41 49 43 13
D 39 4771 2 40 44 48 6
L 52 4766 2338
D 51 4765 2 34 52 36 13
D 50 4763 2 29 51 37 13
D 27 4767 2 28 39 50 6
L 56 4776 -2343
L 57 4778 -2344
L 58 4776 2343
D 55 4777 2 56 57 58 6
L 60 4780 -2345
L 61 4782 -2346
L 62 4780 2345
D 59 4781 2 60 61 62 6
L 64 4778 2344
D 63 4777 2 56 64 58 13
D 54 4779 2 55 59 63 6
L 67 4784 -2347
L 68 4786 -2348
L 69 4784 2347
D 66 4785 2 67 68 69 6
L 71 4788 -2349
L 72 4790 2350
L 73 4788 2349
D 70 4789 2 71 72 73 6
L 75 4786 2348
D 74 4785 2 67 75 69 13
D 65 4787 2 66 70 74 6
L 78 4782 2346
D 77 4781 2 60 78 62 13
D 76 4779 2 55 77 63 13
D 53 4783 2 54 65 76 6
L 82 4774 2342
D 81 4773 2 45 82 47 13
D 80 4771 2 40 81 48 13
D 79 4767 2 28 80 50 13
D 26 4775 2 27 53 79 6
L 85 4534 -144
D 84 4533 2 23 85 21 6
D 83 4531 2 16 84 24 6
L 90 4790 -2350
D 89 4789 2 73 90 71 6
D 88 4787 2 66 89 74 6
D 87 4783 2 54 88 76 6
D 86 4775 2 27 87 79 6
D 92 4529 2 17 25 19 6
D 93 4533 2 21 85 23 6
D 94 4529 2 17 18 19 13
D 91 4531 2 92 93 94 6
D 98 4785 2 67 75 69 6
D 99 4789 2 71 90 73 6
D 100 4785 2 67 68 69 13
D 97 4787 2 98 99 100 6
D 96 4783 2 54 97 76 6
D 95 4775 2 27 96 79 6
D 102 4529 2 19 18 17 6
D 103 4529 2 19 25 17 13
D 101 4531 2 102 93 103 6
D 107 4785 2 69 68 67 6
D 108 4785 2 69 75 67 13
D 106 4787 2 107 99 108 6
D 105 4783 2 54 106 76 6
D 104 4775 2 27 105 79 6
D 110 4533 2 21 85 23 22
D 111 4529 2 19 18 17 25
D 112 4533 2 21 22 23 13
D 113 4529 2 19 25 17 6
D 109 4531 3 16 110 111 112 113 13
D 14 4535 5 15 26 83 86 91 95 101 104 109 6
L 116 222 -128
D 115 221 2 10 116 8 6
D 114 219 2 2 115 11 6
D 121 4781 2 60 78 62 6
D 120 4779 2 55 121 63 6
D 122 4787 2 66 99 74 6
D 124 4781 2 60 61 62 13
D 123 4779 2 55 124 63 13
D 119 4783 2 120 122 123 6
D 118 4775 2 27 119 79 6
D 128 4781 2 62 61 60 6
D 127 4779 2 55 128 63 6
D 130 4781 2 62 78 60 13
D 129 4779 2 55 130 63 13
D 126 4783 2 127 122 129 6
D 125 4775 2 27 126 79 6
D 134 4777 2 56 64 58 6
D 135 4777 2 56 57 58 13
D 133 4779 2 134 59 135 6
D 136 4779 2 134 77 135 13
D 132 4783 2 133 122 136 6
D 131 4775 2 27 132 79 6
D 140 4777 2 58 57 56 6
D 141 4777 2 58 64 56 13
D 139 4779 2 140 59 141 6
D 142 4779 2 140 77 141 13
D 138 4783 2 139 122 142 6
D 137 4775 2 27 138 79 6
D 117 4535 5 15 118 83 125 91 131 101 137 109 6
D 144 217 2 3 12 5 6
D 145 221 2 8 116 10 6
D 146 217 2 3 4 5 13
D 143 219 2 144 145 146 6
D 151 4773 2 45 82 47 6
D 150 4771 2 40 151 48 6
D 149 4767 2 28 150 50 6
D 152 4783 2 54 122 76 6
D 155 4773 2 45 46 47 13
D 154 4771 2 40 155 48 13
D 153 4767 2 28 154 50 13
D 148 4775 2 149 152 153 6
D 159 4773 2 47 46 45 6
D 158 4771 2 40 159 48 6
D 157 4767 2 28 158 50 6
D 162 4773 2 47 82 45 13
D 161 4771 2 40 162 48 13
D 160 4767 2 28 161 50 13
D 156 4775 2 157 152 160 6
D 166 4769 2 41 49 43 6
D 167 4769 2 41 42 43 13
D 165 4771 2 166 44 167 6
D 164 4767 2 28 165 50 6
D 169 4771 2 166 81 167 13
D 168 4767 2 28 169 50 13
D 163 4775 2 164 152 168 6
D 173 4769 2 43 42 41 6
D 174 4769 2 43 49 41 13
D 172 4771 2 173 44 174 6
D 171 4767 2 28 172 50 6
D 176 4771 2 173 81 174 13
D 175 4767 2 28 176 50 13
D 170 4775 2 171 152 175 6
D 147 4535 5 15 148 83 156 91 163 101 170 109 6
D 178 217 2 5 4 3 6
D 179 217 2 5 12 3 13
D 177 219 2 178 145 179 6
D 184 4765 2 34 52 36 6
D 183 4763 2 29 184 37 6
D 186 4765 2 34 35 36 13
D 185 4763 2 29 186 37 13
D 182 4767 2 183 39 185 6
D 187 4767 2 183 80 185 13
D 181 4775 2 182 152 187 6
D 191 4765 2 36 35 34 6
D 190 4763 2 29 191 37 6
D 193 4765 2 36 52 34 13
D 192 4763 2 29 193 37 13
D 189 4767 2 190 39 192 6
D 194 4767 2 190 80 192 13
D 188 4775 2 189 152 194 6
D 198 4761 2 30 38 32 6
D 199 4761 2 30 31 32 13
D 197 4763 2 198 33 199 6
D 200 4763 2 198 51 199 13
D 196 4767 2 197 39 200 6
D 201 4767 2 197 80 200 13
D 195 4775 2 196 152 201 6
D 205 4761 2 32 31 30 6
D 206 4761 2 32 38 30 13
D 204 4763 2 205 33 206 6
D 207 4763 2 205 51 206 13
D 203 4767 2 204 39 207 6
D 208 4767 2 204 80 207 13
D 202 4775 2 203 152 208 6
D 180 4535 5 15 181 83 188 91 195 101 202 109 6
D 210 221 2 8 116 10 9
D 211 217 2 5 4 3 12
D 212 221 2 8 9 10 13
D 213 217 2 5 12 3 6
D 209 219 3 2 210 211 212 213 13
D 0 223 5 1 14 114 117 143 147 177 180 209 6
