c ids of sdd nodes start at 0
c sdd nodes appear bottom-up, children before parents
c
c file syntax:
c sdd count-of-sdd-nodes
c F id-of-false-sdd-node
c T id-of-true-sdd-node
c L id-of-literal-sdd-node id-of-vtree literal
c D id-of-decomposition-sdd-node id-of-vtree number-of-elements {id-of-prime id-of-sub}*
c
sdd 98
L 2 48 -109
L 3 50 110
L 4 48 109
F 5
D 1 49 2 2 3 4 5
L 9 216 -125
L 10 218 -126
L 11 216 125
D 8 217 2 9 10 11 5
L 13 220 -127
L 14 222 128
L 15 220 127
D 12 221 2 13 14 15 5
L 17 218 126
T 18
D 16 217 2 9 17 11 18
D 7 219 2 8 12 16 5
L 22 304 -2387
L 23 306 -2388
L 24 304 2387
D 21 305 2 22 23 24 5
L 26 308 -2389
L 27 310 -2390
L 28 308 2389
D 25 309 2 26 27 28 5
L 30 306 2388
D 29 305 2 22 30 24 18
D 20 307 2 21 25 29 5
L 33 312 -2391
L 34 314 -2392
L 35 312 2391
D 32 313 2 33 34 35 5
L 37 316 -2393
L 38 318 2394
L 39 316 2393
D 36 317 2 37 38 39 5
L 41 314 2392
D 40 313 2 33 41 35 18
D 31 315 2 32 36 40 5
L 44 310 2390
D 43 309 2 26 44 28 18
D 42 307 2 21 43 29 18
D 19 311 2 20 31 42 5
L 47 222 -128
D 46 221 2 15 47 13 5
D 45 219 2 8 46 16 5
L 51 318 -2394
D 50 317 2 39 51 37 5
D 49 315 2 32 50 40 5
D 48 311 2 20 49 42 5
D 53 217 2 9 17 11 5
D 54 221 2 13 47 15 5
D 55 217 2 9 10 11 18
D 52 219 2 53 54 55 5
D 58 313 2 33 41 35 5
D 59 317 2 37 51 39 5
D 60 313 2 33 34 35 18
D 57 315 2 58 59 60 5
D 56 311 2 20 57 42 5
D 62 217 2 11 10 9 5
D 63 217 2 11 17 9 18
D 61 219 2 62 54 63 5
D 66 313 2 35 34 33 5
D 67 313 2 35 41 33 18
D 65 315 2 66 59 67 5
D 64 311 2 20 65 42 5
D 69 221 2 13 47 15 14
D 70 217 2 11 10 9 17
D 71 221 2 13 14 15 18
D 72 217 2 11 17 9 5
D 68 219 3 8 69 70 71 72 18
D 6 223 5 7 19 45 48 52 56 61 64 68 5
L 74 50 -110
D 73 49 2 4 74 2 5
D 78 309 2 26 44 28 5
D 77 307 2 21 78 29 5
D 79 315 2 32 59 40 5
D 81 309 2 26 27 28 18
D 80 307 2 21 81 29 18
D 76 311 2 77 79 80 5
D 84 309 2 28 27 26 5
D 83 307 2 21 84 29 5
D 86 309 2 28 44 26 18
D 85 307 2 21 86 29 18
D 82 311 2 83 79 85 5
D 89 305 2 22 30 24 5
D 90 305 2 22 23 24 18
D 88 307 2 89 25 90 5
D 91 307 2 89 43 90 18
D 87 311 2 88 79 91 5
D 94 305 2 24 23 22 5
D 95 305 2 24 30 22 18
D 93 307 2 94 25 95 5
D 96 307 2 94 43 95 18
D 92 311 2 93 79 96 5
D 75 223 5 7 76 45 82 52 87 61 92 68 5
D 97 49 2 2 74 4 3
D 0 51 3 1 6 73 75 97 5
