c ids of sdd nodes start at 0
c sdd nodes appear bottom-up, children before parents
c
c file syntax:
c sdd count-of-sdd-nodes
c F id-of-false-sdd-node
c T id-of-true-sdd-node
c L id-of-literal-sdd-node id-of-vtree literal
c D id-of-decomposition-sdd-node id-of-vtree number-of-elements {id-of-prime id-of-sub}*
c
sdd 98
L 2 2272 -17
L 3 2274 18
L 4 2272 17
F 5
D 1 2273 2 2 3 4 5
L 9 3432 -13
L 10 3434 -14
L 11 3432 13
D 8 3433 2 9 10 11 5
L 13 3436 -15
L 14 3438 16
L 15 3436 15
D 12 3437 2 13 14 15 5
L 17 3434 14
T 18
D 16 3433 2 9 17 11 18
D 7 3435 2 8 12 16 5
L 22 3456 -2491
L 23 3458 -2492
L 24 3456 2491
D 21 3457 2 22 23 24 5
L 26 3460 -2493
L 27 3462 -2494
L 28 3460 2493
D 25 3461 2 26 27 28 5
L 30 3458 2492
D 29 3457 2 22 30 24 18
D 20 3459 2 21 25 29 5
L 33 3464 -2495
L 34 3466 -2496
L 35 3464 2495
D 32 3465 2 33 34 35 5
L 37 3468 -2497
L 38 3470 2498
L 39 3468 2497
D 36 3469 2 37 38 39 5
L 41 3466 2496
D 40 3465 2 33 41 35 18
D 31 3467 2 32 36 40 5
L 44 3462 2494
D 43 3461 2 26 44 28 18
D 42 3459 2 21 43 29 18
D 19 3463 2 20 31 42 5
L 47 3438 -16
D 46 3437 2 15 47 13 5
D 45 3435 2 8 46 16 5
L 51 3470 -2498
D 50 3469 2 39 51 37 5
D 49 3467 2 32 50 40 5
D 48 3463 2 20 49 42 5
D 53 3433 2 9 17 11 5
D 54 3437 2 13 47 15 5
D 55 3433 2 9 10 11 18
D 52 3435 2 53 54 55 5
D 58 3465 2 33 41 35 5
D 59 3469 2 37 51 39 5
D 60 3465 2 33 34 35 18
D 57 3467 2 58 59 60 5
D 56 3463 2 20 57 42 5
D 62 3433 2 11 10 9 5
D 63 3433 2 11 17 9 18
D 61 3435 2 62 54 63 5
D 66 3465 2 35 34 33 5
D 67 3465 2 35 41 33 18
D 65 3467 2 66 59 67 5
D 64 3463 2 20 65 42 5
D 69 3437 2 13 47 15 14
D 70 3433 2 11 10 9 17
D 71 3437 2 13 14 15 18
D 72 3433 2 11 17 9 5
D 68 3435 3 8 69 70 71 72 18
D 6 3439 5 7 19 45 48 52 56 61 64 68 5
L 74 2274 -18
D 73 2273 2 4 74 2 5
D 78 3461 2 26 44 28 5
D 77 3459 2 21 78 29 5
D 79 3467 2 32 59 40 5
D 81 3461 2 26 27 28 18
D 80 3459 2 21 81 29 18
D 76 3463 2 77 79 80 5
D 84 3461 2 28 27 26 5
D 83 3459 2 21 84 29 5
D 86 3461 2 28 44 26 18
D 85 3459 2 21 86 29 18
D 82 3463 2 83 79 85 5
D 89 3457 2 22 30 24 5
D 90 3457 2 22 23 24 18
D 88 3459 2 89 25 90 5
D 91 3459 2 89 43 90 18
D 87 3463 2 88 79 91 5
D 94 3457 2 24 23 22 5
D 95 3457 2 24 30 22 18
D 93 3459 2 94 25 95 5
D 96 3459 2 94 43 95 18
D 92 3463 2 93 79 96 5
D 75 3439 5 7 76 45 82 52 87 61 92 68 5
D 97 2273 2 2 74 4 3
D 0 2275 3 1 6 73 75 97 5
