c ids of sdd nodes start at 0
c sdd nodes appear bottom-up, children before parents
c
c file syntax:
c sdd count-of-sdd-nodes
c F id-of-false-sdd-node
c T id-of-true-sdd-node
c L id-of-literal-sdd-node id-of-vtree literal
c D id-of-decomposition-sdd-node id-of-vtree number-of-elements {id-of-prime id-of-sub}*
c
sdd 98
L 2 24 -115
L 3 26 116
L 4 24 115
F 5
D 1 25 2 2 3 4 5
L 9 5256 -169
L 10 5258 -170
L 11 5256 169
D 8 5257 2 9 10 11 5
L 13 5260 -171
L 14 5262 172
L 15 5260 171
D 12 5261 2 13 14 15 5
L 17 5258 170
T 18
D 16 5257 2 9 17 11 18
D 7 5259 2 8 12 16 5
L 22 5408 -2575
L 23 5410 -2576
L 24 5408 2575
D 21 5409 2 22 23 24 5
L 26 5412 -2577
L 27 5414 -2578
L 28 5412 2577
D 25 5413 2 26 27 28 5
L 30 5410 2576
D 29 5409 2 22 30 24 18
D 20 5411 2 21 25 29 5
L 33 5416 -2579
L 34 5418 -2580
L 35 5416 2579
D 32 5417 2 33 34 35 5
L 37 5420 -2581
L 38 5422 2582
L 39 5420 2581
D 36 5421 2 37 38 39 5
L 41 5418 2580
D 40 5417 2 33 41 35 18
D 31 5419 2 32 36 40 5
L 44 5414 2578
D 43 5413 2 26 44 28 18
D 42 5411 2 21 43 29 18
D 19 5415 2 20 31 42 5
L 47 5262 -172
D 46 5261 2 15 47 13 5
D 45 5259 2 8 46 16 5
L 51 5422 -2582
D 50 5421 2 39 51 37 5
D 49 5419 2 32 50 40 5
D 48 5415 2 20 49 42 5
D 53 5257 2 9 17 11 5
D 54 5261 2 13 47 15 5
D 55 5257 2 9 10 11 18
D 52 5259 2 53 54 55 5
D 58 5417 2 33 41 35 5
D 59 5421 2 37 51 39 5
D 60 5417 2 33 34 35 18
D 57 5419 2 58 59 60 5
D 56 5415 2 20 57 42 5
D 62 5257 2 11 10 9 5
D 63 5257 2 11 17 9 18
D 61 5259 2 62 54 63 5
D 66 5417 2 35 34 33 5
D 67 5417 2 35 41 33 18
D 65 5419 2 66 59 67 5
D 64 5415 2 20 65 42 5
D 69 5261 2 13 47 15 14
D 70 5257 2 11 10 9 17
D 71 5261 2 13 14 15 18
D 72 5257 2 11 17 9 5
D 68 5259 3 8 69 70 71 72 18
D 6 5263 5 7 19 45 48 52 56 61 64 68 5
L 74 26 -116
D 73 25 2 4 74 2 5
D 78 5413 2 26 44 28 5
D 77 5411 2 21 78 29 5
D 79 5419 2 32 59 40 5
D 81 5413 2 26 27 28 18
D 80 5411 2 21 81 29 18
D 76 5415 2 77 79 80 5
D 84 5413 2 28 27 26 5
D 83 5411 2 21 84 29 5
D 86 5413 2 28 44 26 18
D 85 5411 2 21 86 29 18
D 82 5415 2 83 79 85 5
D 89 5409 2 22 30 24 5
D 90 5409 2 22 23 24 18
D 88 5411 2 89 25 90 5
D 91 5411 2 89 43 90 18
D 87 5415 2 88 79 91 5
D 94 5409 2 24 23 22 5
D 95 5409 2 24 30 22 18
D 93 5411 2 94 25 95 5
D 96 5411 2 94 43 95 18
D 92 5415 2 93 79 96 5
D 75 5263 5 7 76 45 82 52 87 61 92 68 5
D 97 25 2 2 74 4 3
D 0 27 3 1 6 73 75 97 5
