c ids of sdd nodes start at 0
c sdd nodes appear bottom-up, children before parents
c
c file syntax:
c sdd count-of-sdd-nodes
c F id-of-false-sdd-node
c T id-of-true-sdd-node
c L id-of-literal-sdd-node id-of-vtree literal
c D id-of-decomposition-sdd-node id-of-vtree number-of-elements {id-of-prime id-of-sub}*
c
sdd 90
L 2 5880 -123
L 3 5882 124
L 4 5880 123
F 5
D 1 5881 2 2 3 4 5
L 8 6232 -179
L 9 6234 180
L 10 6232 179
D 7 6233 2 8 9 10 5
L 13 6584 -107
L 14 6586 108
L 15 6584 107
D 12 6585 2 13 14 15 5
L 19 6708 -2587
L 20 6710 -2588
L 21 6708 2587
D 18 6709 2 19 20 21 5
L 23 6712 -2589
L 24 6714 -2590
L 25 6712 2589
D 22 6713 2 23 24 25 5
L 27 6710 2588
T 28
D 26 6709 2 19 27 21 28
D 17 6711 2 18 22 26 5
L 31 6716 -2591
L 32 6718 -2592
L 33 6716 2591
D 30 6717 2 31 32 33 5
L 35 6720 -2593
L 36 6722 2594
L 37 6720 2593
D 34 6721 2 35 36 37 5
L 39 6718 2592
D 38 6717 2 31 39 33 28
D 29 6719 2 30 34 38 5
L 42 6714 2590
D 41 6713 2 23 42 25 28
D 40 6711 2 18 41 26 28
D 16 6715 2 17 29 40 5
L 44 6586 -108
D 43 6585 2 15 44 13 5
D 47 6717 2 31 39 33 5
L 49 6722 -2594
D 48 6721 2 35 49 37 5
D 50 6717 2 31 32 33 28
D 46 6719 2 47 48 50 5
D 45 6715 2 17 46 40 5
D 51 6585 2 13 44 15 14
D 11 6587 3 12 16 43 45 51 5
L 53 6234 -180
D 52 6233 2 10 53 8 5
D 57 6721 2 37 49 35 5
D 56 6719 2 30 57 38 5
D 55 6715 2 17 56 40 5
D 60 6717 2 33 32 31 5
D 61 6717 2 33 39 31 28
D 59 6719 2 60 48 61 5
D 58 6715 2 17 59 40 5
D 54 6587 3 12 55 43 58 51 5
D 62 6233 2 8 53 10 9
D 6 6235 3 7 11 52 54 62 5
L 64 5882 -124
D 63 5881 2 4 64 2 5
D 69 6713 2 23 42 25 5
D 68 6711 2 18 69 26 5
D 70 6719 2 30 48 38 5
D 72 6713 2 23 24 25 28
D 71 6711 2 18 72 26 28
D 67 6715 2 68 70 71 5
D 75 6709 2 19 27 21 5
D 76 6709 2 19 20 21 28
D 74 6711 2 75 22 76 5
D 77 6711 2 75 41 76 28
D 73 6715 2 74 70 77 5
D 66 6587 3 12 67 43 73 51 5
D 81 6713 2 25 24 23 5
D 80 6711 2 18 81 26 5
D 83 6713 2 25 42 23 28
D 82 6711 2 18 83 26 28
D 79 6715 2 80 70 82 5
D 86 6709 2 21 20 19 5
D 87 6709 2 21 27 19 28
D 85 6711 2 86 22 87 5
D 88 6711 2 86 41 87 28
D 84 6715 2 85 70 88 5
D 78 6587 3 12 79 43 84 51 5
D 65 6235 3 7 66 52 78 62 5
D 89 5881 2 2 64 4 3
D 0 5883 3 1 6 63 65 89 5
