c ids of sdd nodes start at 0
c sdd nodes appear bottom-up, children before parents
c
c file syntax:
c sdd count-of-sdd-nodes
c F id-of-false-sdd-node
c T id-of-true-sdd-node
c L id-of-literal-sdd-node id-of-vtree literal
c D id-of-decomposition-sdd-node id-of-vtree number-of-elements {id-of-prime id-of-sub}*
c
sdd 100
L 3 600 -151
L 4 602 -152
L 5 600 151
F 6
D 2 601 2 3 4 5 6
L 8 604 -153
L 9 606 154
L 10 604 153
D 7 605 2 8 9 10 6
L 12 602 152
T 13
D 11 601 2 3 12 5 13
D 1 603 2 2 7 11 6
L 16 808 -137
L 17 810 138
L 18 808 137
D 15 809 2 16 17 18 6
L 22 852 -2603
L 23 854 -2604
L 24 852 2603
D 21 853 2 22 23 24 6
L 26 856 -2605
L 27 858 -2606
L 28 856 2605
D 25 857 2 26 27 28 6
L 30 854 2604
D 29 853 2 22 30 24 13
D 20 855 2 21 25 29 6
L 33 860 -2607
L 34 862 -2608
L 35 860 2607
D 32 861 2 33 34 35 6
L 37 864 -2609
L 38 866 2610
L 39 864 2609
D 36 865 2 37 38 39 6
L 41 862 2608
D 40 861 2 33 41 35 13
D 31 863 2 32 36 40 6
L 44 858 2606
D 43 857 2 26 44 28 13
D 42 855 2 21 43 29 13
D 19 859 2 20 31 42 6
L 46 810 -138
D 45 809 2 18 46 16 6
L 50 866 -2610
D 49 865 2 39 50 37 6
D 48 863 2 32 49 40 6
D 47 859 2 20 48 42 6
D 51 809 2 16 46 18 17
D 14 811 3 15 19 45 47 51 6
L 54 606 -154
D 53 605 2 10 54 8 6
D 52 603 2 2 53 11 6
D 58 861 2 33 41 35 6
D 59 865 2 37 50 39 6
D 60 861 2 33 34 35 13
D 57 863 2 58 59 60 6
D 56 859 2 20 57 42 6
D 63 861 2 35 34 33 6
D 64 861 2 35 41 33 13
D 62 863 2 63 59 64 6
D 61 859 2 20 62 42 6
D 55 811 3 15 56 45 61 51 6
D 66 601 2 3 12 5 6
D 67 605 2 8 54 10 6
D 68 601 2 3 4 5 13
D 65 603 2 66 67 68 6
D 72 857 2 26 44 28 6
D 71 855 2 21 72 29 6
D 73 863 2 32 59 40 6
D 75 857 2 26 27 28 13
D 74 855 2 21 75 29 13
D 70 859 2 71 73 74 6
D 78 857 2 28 27 26 6
D 77 855 2 21 78 29 6
D 80 857 2 28 44 26 13
D 79 855 2 21 80 29 13
D 76 859 2 77 73 79 6
D 69 811 3 15 70 45 76 51 6
D 82 601 2 5 4 3 6
D 83 601 2 5 12 3 13
D 81 603 2 82 67 83 6
D 87 853 2 22 30 24 6
D 88 853 2 22 23 24 13
D 86 855 2 87 25 88 6
D 89 855 2 87 43 88 13
D 85 859 2 86 73 89 6
D 92 853 2 24 23 22 6
D 93 853 2 24 30 22 13
D 91 855 2 92 25 93 6
D 94 855 2 92 43 93 13
D 90 859 2 91 73 94 6
D 84 811 3 15 85 45 90 51 6
D 96 605 2 8 54 10 9
D 97 601 2 5 4 3 12
D 98 605 2 8 9 10 13
D 99 601 2 5 12 3 6
D 95 603 3 2 96 97 98 99 13
D 0 607 5 1 14 52 55 65 69 81 84 95 6
