c ids of sdd nodes start at 0
c sdd nodes appear bottom-up, children before parents
c
c file syntax:
c sdd count-of-sdd-nodes
c F id-of-false-sdd-node
c T id-of-true-sdd-node
c L id-of-literal-sdd-node id-of-vtree literal
c D id-of-decomposition-sdd-node id-of-vtree number-of-elements {id-of-prime id-of-sub}*
c
sdd 98
L 2 2360 -41
L 3 2362 42
L 4 2360 41
F 5
D 1 2361 2 2 3 4 5
L 9 2536 -55
L 10 2538 -56
L 11 2536 55
D 8 2537 2 9 10 11 5
L 13 2540 -57
L 14 2542 58
L 15 2540 57
D 12 2541 2 13 14 15 5
L 17 2538 56
T 18
D 16 2537 2 9 17 11 18
D 7 2539 2 8 12 16 5
L 22 2592 -2643
L 23 2594 -2644
L 24 2592 2643
D 21 2593 2 22 23 24 5
L 26 2596 -2645
L 27 2598 -2646
L 28 2596 2645
D 25 2597 2 26 27 28 5
L 30 2594 2644
D 29 2593 2 22 30 24 18
D 20 2595 2 21 25 29 5
L 33 2600 -2647
L 34 2602 -2648
L 35 2600 2647
D 32 2601 2 33 34 35 5
L 37 2604 -2649
L 38 2606 2650
L 39 2604 2649
D 36 2605 2 37 38 39 5
L 41 2602 2648
D 40 2601 2 33 41 35 18
D 31 2603 2 32 36 40 5
L 44 2598 2646
D 43 2597 2 26 44 28 18
D 42 2595 2 21 43 29 18
D 19 2599 2 20 31 42 5
L 47 2542 -58
D 46 2541 2 15 47 13 5
D 45 2539 2 8 46 16 5
L 51 2606 -2650
D 50 2605 2 39 51 37 5
D 49 2603 2 32 50 40 5
D 48 2599 2 20 49 42 5
D 53 2537 2 9 17 11 5
D 54 2541 2 13 47 15 5
D 55 2537 2 9 10 11 18
D 52 2539 2 53 54 55 5
D 58 2601 2 33 41 35 5
D 59 2605 2 37 51 39 5
D 60 2601 2 33 34 35 18
D 57 2603 2 58 59 60 5
D 56 2599 2 20 57 42 5
D 62 2537 2 11 10 9 5
D 63 2537 2 11 17 9 18
D 61 2539 2 62 54 63 5
D 66 2601 2 35 34 33 5
D 67 2601 2 35 41 33 18
D 65 2603 2 66 59 67 5
D 64 2599 2 20 65 42 5
D 69 2541 2 13 47 15 14
D 70 2537 2 11 10 9 17
D 71 2541 2 13 14 15 18
D 72 2537 2 11 17 9 5
D 68 2539 3 8 69 70 71 72 18
D 6 2543 5 7 19 45 48 52 56 61 64 68 5
L 74 2362 -42
D 73 2361 2 4 74 2 5
D 78 2597 2 26 44 28 5
D 77 2595 2 21 78 29 5
D 79 2603 2 32 59 40 5
D 81 2597 2 26 27 28 18
D 80 2595 2 21 81 29 18
D 76 2599 2 77 79 80 5
D 84 2597 2 28 27 26 5
D 83 2595 2 21 84 29 5
D 86 2597 2 28 44 26 18
D 85 2595 2 21 86 29 18
D 82 2599 2 83 79 85 5
D 89 2593 2 22 30 24 5
D 90 2593 2 22 23 24 18
D 88 2595 2 89 25 90 5
D 91 2595 2 89 43 90 18
D 87 2599 2 88 79 91 5
D 94 2593 2 24 23 22 5
D 95 2593 2 24 30 22 18
D 93 2595 2 94 25 95 5
D 96 2595 2 94 43 95 18
D 92 2599 2 93 79 96 5
D 75 2543 5 7 76 45 82 52 87 61 92 68 5
D 97 2361 2 2 74 4 3
D 0 2363 3 1 6 73 75 97 5
