c ids of sdd nodes start at 0
c sdd nodes appear bottom-up, children before parents
c
c file syntax:
c sdd count-of-sdd-nodes
c F id-of-false-sdd-node
c T id-of-true-sdd-node
c L id-of-literal-sdd-node id-of-vtree literal
c D id-of-decomposition-sdd-node id-of-vtree number-of-elements {id-of-prime id-of-sub}*
c
sdd 100
L 3 8064 -247
L 4 8066 -248
L 5 8064 247
F 6
D 2 8065 2 3 4 5 6
L 8 8068 -249
L 9 8070 250
L 10 8068 249
D 7 8069 2 8 9 10 6
L 12 8066 248
T 13
D 11 8065 2 3 12 5 13
D 1 8067 2 2 7 11 6
L 16 8872 -233
L 17 8874 234
L 18 8872 233
D 15 8873 2 16 17 18 6
L 22 8876 -531
L 23 8878 -532
L 24 8876 531
D 21 8877 2 22 23 24 6
L 26 8880 -533
L 27 8882 -534
L 28 8880 533
D 25 8881 2 26 27 28 6
L 30 8878 532
D 29 8877 2 22 30 24 13
D 20 8879 2 21 25 29 6
L 33 8884 -535
L 34 8886 -536
L 35 8884 535
D 32 8885 2 33 34 35 6
L 37 8888 -537
L 38 8890 538
L 39 8888 537
D 36 8889 2 37 38 39 6
L 41 8886 536
D 40 8885 2 33 41 35 13
D 31 8887 2 32 36 40 6
L 44 8882 534
D 43 8881 2 26 44 28 13
D 42 8879 2 21 43 29 13
D 19 8883 2 20 31 42 6
L 46 8874 -234
D 45 8873 2 18 46 16 6
D 49 8881 2 26 44 28 6
D 48 8879 2 21 49 29 6
L 52 8890 -538
D 51 8889 2 37 52 39 6
D 50 8887 2 32 51 40 6
D 54 8881 2 26 27 28 13
D 53 8879 2 21 54 29 13
D 47 8883 2 48 50 53 6
D 55 8873 2 16 46 18 17
D 14 8875 3 15 19 45 47 55 6
L 58 8070 -250
D 57 8069 2 10 58 8 6
D 56 8067 2 2 57 11 6
D 62 8889 2 39 52 37 6
D 61 8887 2 32 62 40 6
D 60 8883 2 20 61 42 6
D 65 8881 2 28 27 26 6
D 64 8879 2 21 65 29 6
D 67 8881 2 28 44 26 13
D 66 8879 2 21 67 29 13
D 63 8883 2 64 50 66 6
D 59 8875 3 15 60 45 63 55 6
D 69 8065 2 3 12 5 6
D 70 8069 2 8 58 10 6
D 71 8065 2 3 4 5 13
D 68 8067 2 69 70 71 6
D 75 8885 2 33 41 35 6
D 76 8885 2 33 34 35 13
D 74 8887 2 75 51 76 6
D 73 8883 2 20 74 42 6
D 79 8877 2 22 30 24 6
D 80 8877 2 22 23 24 13
D 78 8879 2 79 25 80 6
D 81 8879 2 79 43 80 13
D 77 8883 2 78 50 81 6
D 72 8875 3 15 73 45 77 55 6
D 83 8065 2 5 4 3 6
D 84 8065 2 5 12 3 13
D 82 8067 2 83 70 84 6
D 88 8885 2 35 34 33 6
D 89 8885 2 35 41 33 13
D 87 8887 2 88 51 89 6
D 86 8883 2 20 87 42 6
D 92 8877 2 24 23 22 6
D 93 8877 2 24 30 22 13
D 91 8879 2 92 25 93 6
D 94 8879 2 92 43 93 13
D 90 8883 2 91 50 94 6
D 85 8875 3 15 86 45 90 55 6
D 96 8069 2 8 58 10 9
D 97 8065 2 5 4 3 12
D 98 8069 2 8 9 10 13
D 99 8065 2 5 12 3 6
D 95 8067 3 2 96 97 98 99 13
D 0 8071 5 1 14 56 59 68 72 82 85 95 6
