c ids of sdd nodes start at 0
c sdd nodes appear bottom-up, children before parents
c
c file syntax:
c sdd count-of-sdd-nodes
c F id-of-false-sdd-node
c T id-of-true-sdd-node
c L id-of-literal-sdd-node id-of-vtree literal
c D id-of-decomposition-sdd-node id-of-vtree number-of-elements {id-of-prime id-of-sub}*
c
sdd 100
L 3 216 -125
L 4 218 -126
L 5 216 125
F 6
D 2 217 2 3 4 5 6
L 8 220 -127
L 9 222 128
L 10 220 127
D 7 221 2 8 9 10 6
L 12 218 126
T 13
D 11 217 2 3 12 5 13
D 1 219 2 2 7 11 6
L 16 504 -149
L 17 506 150
L 18 504 149
D 15 505 2 16 17 18 6
L 22 556 -2675
L 23 558 -2676
L 24 556 2675
D 21 557 2 22 23 24 6
L 26 560 -2677
L 27 562 -2678
L 28 560 2677
D 25 561 2 26 27 28 6
L 30 558 2676
D 29 557 2 22 30 24 13
D 20 559 2 21 25 29 6
L 33 564 -2679
L 34 566 -2680
L 35 564 2679
D 32 565 2 33 34 35 6
L 37 568 -2681
L 38 570 2682
L 39 568 2681
D 36 569 2 37 38 39 6
L 41 566 2680
D 40 565 2 33 41 35 13
D 31 567 2 32 36 40 6
L 44 562 2678
D 43 561 2 26 44 28 13
D 42 559 2 21 43 29 13
D 19 563 2 20 31 42 6
L 46 506 -150
D 45 505 2 18 46 16 6
D 49 561 2 26 44 28 6
D 48 559 2 21 49 29 6
L 52 570 -2682
D 51 569 2 37 52 39 6
D 50 567 2 32 51 40 6
D 54 561 2 26 27 28 13
D 53 559 2 21 54 29 13
D 47 563 2 48 50 53 6
D 55 505 2 16 46 18 17
D 14 507 3 15 19 45 47 55 6
L 58 222 -128
D 57 221 2 10 58 8 6
D 56 219 2 2 57 11 6
D 62 569 2 39 52 37 6
D 61 567 2 32 62 40 6
D 60 563 2 20 61 42 6
D 65 561 2 28 27 26 6
D 64 559 2 21 65 29 6
D 67 561 2 28 44 26 13
D 66 559 2 21 67 29 13
D 63 563 2 64 50 66 6
D 59 507 3 15 60 45 63 55 6
D 69 217 2 3 12 5 6
D 70 221 2 8 58 10 6
D 71 217 2 3 4 5 13
D 68 219 2 69 70 71 6
D 75 565 2 33 41 35 6
D 76 565 2 33 34 35 13
D 74 567 2 75 51 76 6
D 73 563 2 20 74 42 6
D 79 557 2 22 30 24 6
D 80 557 2 22 23 24 13
D 78 559 2 79 25 80 6
D 81 559 2 79 43 80 13
D 77 563 2 78 50 81 6
D 72 507 3 15 73 45 77 55 6
D 83 217 2 5 4 3 6
D 84 217 2 5 12 3 13
D 82 219 2 83 70 84 6
D 88 565 2 35 34 33 6
D 89 565 2 35 41 33 13
D 87 567 2 88 51 89 6
D 86 563 2 20 87 42 6
D 92 557 2 24 23 22 6
D 93 557 2 24 30 22 13
D 91 559 2 92 25 93 6
D 94 559 2 92 43 93 13
D 90 563 2 91 50 94 6
D 85 507 3 15 86 45 90 55 6
D 96 221 2 8 58 10 9
D 97 217 2 5 4 3 12
D 98 221 2 8 9 10 13
D 99 217 2 5 12 3 6
D 95 219 3 2 96 97 98 99 13
D 0 223 5 1 14 56 59 68 72 82 85 95 6
