c ids of sdd nodes start at 0
c sdd nodes appear bottom-up, children before parents
c
c file syntax:
c sdd count-of-sdd-nodes
c F id-of-false-sdd-node
c T id-of-true-sdd-node
c L id-of-literal-sdd-node id-of-vtree literal
c D id-of-decomposition-sdd-node id-of-vtree number-of-elements {id-of-prime id-of-sub}*
c
sdd 100
L 3 1048 -145
L 4 1050 -146
L 5 1048 145
F 6
D 2 1049 2 3 4 5 6
L 8 1052 -147
L 9 1054 148
L 10 1052 147
D 7 1053 2 8 9 10 6
L 12 1050 146
T 13
D 11 1049 2 3 12 5 13
D 1 1051 2 2 7 11 6
L 16 5880 -123
L 17 5882 124
L 18 5880 123
D 15 5881 2 16 17 18 6
L 22 5932 -2727
L 23 5934 -2728
L 24 5932 2727
D 21 5933 2 22 23 24 6
L 26 5936 -2729
L 27 5938 -2730
L 28 5936 2729
D 25 5937 2 26 27 28 6
L 30 5934 2728
D 29 5933 2 22 30 24 13
D 20 5935 2 21 25 29 6
L 33 5940 -2731
L 34 5942 -2732
L 35 5940 2731
D 32 5941 2 33 34 35 6
L 37 5944 -2733
L 38 5946 2734
L 39 5944 2733
D 36 5945 2 37 38 39 6
L 41 5942 2732
D 40 5941 2 33 41 35 13
D 31 5943 2 32 36 40 6
L 44 5938 2730
D 43 5937 2 26 44 28 13
D 42 5935 2 21 43 29 13
D 19 5939 2 20 31 42 6
L 46 5882 -124
D 45 5881 2 18 46 16 6
D 49 5937 2 26 44 28 6
D 48 5935 2 21 49 29 6
L 52 5946 -2734
D 51 5945 2 37 52 39 6
D 50 5943 2 32 51 40 6
D 54 5937 2 26 27 28 13
D 53 5935 2 21 54 29 13
D 47 5939 2 48 50 53 6
D 55 5881 2 16 46 18 17
D 14 5883 3 15 19 45 47 55 6
L 58 1054 -148
D 57 1053 2 10 58 8 6
D 56 1051 2 2 57 11 6
D 62 5945 2 39 52 37 6
D 61 5943 2 32 62 40 6
D 60 5939 2 20 61 42 6
D 65 5937 2 28 27 26 6
D 64 5935 2 21 65 29 6
D 67 5937 2 28 44 26 13
D 66 5935 2 21 67 29 13
D 63 5939 2 64 50 66 6
D 59 5883 3 15 60 45 63 55 6
D 69 1049 2 3 12 5 6
D 70 1053 2 8 58 10 6
D 71 1049 2 3 4 5 13
D 68 1051 2 69 70 71 6
D 75 5941 2 33 41 35 6
D 76 5941 2 33 34 35 13
D 74 5943 2 75 51 76 6
D 73 5939 2 20 74 42 6
D 79 5933 2 22 30 24 6
D 80 5933 2 22 23 24 13
D 78 5935 2 79 25 80 6
D 81 5935 2 79 43 80 13
D 77 5939 2 78 50 81 6
D 72 5883 3 15 73 45 77 55 6
D 83 1049 2 5 4 3 6
D 84 1049 2 5 12 3 13
D 82 1051 2 83 70 84 6
D 88 5941 2 35 34 33 6
D 89 5941 2 35 41 33 13
D 87 5943 2 88 51 89 6
D 86 5939 2 20 87 42 6
D 92 5933 2 24 23 22 6
D 93 5933 2 24 30 22 13
D 91 5935 2 92 25 93 6
D 94 5935 2 92 43 93 13
D 90 5939 2 91 50 94 6
D 85 5883 3 15 86 45 90 55 6
D 96 1053 2 8 58 10 9
D 97 1049 2 5 4 3 12
D 98 1053 2 8 9 10 13
D 99 1049 2 5 12 3 6
D 95 1051 3 2 96 97 98 99 13
D 0 1055 5 1 14 56 59 68 72 82 85 95 6
