c ids of sdd nodes start at 0
c sdd nodes appear bottom-up, children before parents
c
c file syntax:
c sdd count-of-sdd-nodes
c F id-of-false-sdd-node
c T id-of-true-sdd-node
c L id-of-literal-sdd-node id-of-vtree literal
c D id-of-decomposition-sdd-node id-of-vtree number-of-elements {id-of-prime id-of-sub}*
c
sdd 100
L 3 2792 -33
L 4 2794 -34
L 5 2792 33
F 6
D 2 2793 2 3 4 5 6
L 8 2796 -35
L 9 2798 36
L 10 2796 35
D 7 2797 2 8 9 10 6
L 12 2794 34
T 13
D 11 2793 2 3 12 5 13
D 1 2795 2 2 7 11 6
L 16 3112 -19
L 17 3114 20
L 18 3112 19
D 15 3113 2 16 17 18 6
L 22 3116 -2735
L 23 3118 -2736
L 24 3116 2735
D 21 3117 2 22 23 24 6
L 26 3120 -2737
L 27 3122 -2738
L 28 3120 2737
D 25 3121 2 26 27 28 6
L 30 3118 2736
D 29 3117 2 22 30 24 13
D 20 3119 2 21 25 29 6
L 33 3124 -2739
L 34 3126 -2740
L 35 3124 2739
D 32 3125 2 33 34 35 6
L 37 3128 -2741
L 38 3130 2742
L 39 3128 2741
D 36 3129 2 37 38 39 6
L 41 3126 2740
D 40 3125 2 33 41 35 13
D 31 3127 2 32 36 40 6
L 44 3122 2738
D 43 3121 2 26 44 28 13
D 42 3119 2 21 43 29 13
D 19 3123 2 20 31 42 6
L 46 3114 -20
D 45 3113 2 18 46 16 6
L 50 3130 -2742
D 49 3129 2 39 50 37 6
D 48 3127 2 32 49 40 6
D 47 3123 2 20 48 42 6
D 51 3113 2 16 46 18 17
D 14 3115 3 15 19 45 47 51 6
L 54 2798 -36
D 53 2797 2 10 54 8 6
D 52 2795 2 2 53 11 6
D 58 3125 2 33 41 35 6
D 59 3129 2 37 50 39 6
D 60 3125 2 33 34 35 13
D 57 3127 2 58 59 60 6
D 56 3123 2 20 57 42 6
D 63 3125 2 35 34 33 6
D 64 3125 2 35 41 33 13
D 62 3127 2 63 59 64 6
D 61 3123 2 20 62 42 6
D 55 3115 3 15 56 45 61 51 6
D 66 2793 2 3 12 5 6
D 67 2797 2 8 54 10 6
D 68 2793 2 3 4 5 13
D 65 2795 2 66 67 68 6
D 72 3121 2 26 44 28 6
D 71 3119 2 21 72 29 6
D 73 3127 2 32 59 40 6
D 75 3121 2 26 27 28 13
D 74 3119 2 21 75 29 13
D 70 3123 2 71 73 74 6
D 78 3121 2 28 27 26 6
D 77 3119 2 21 78 29 6
D 80 3121 2 28 44 26 13
D 79 3119 2 21 80 29 13
D 76 3123 2 77 73 79 6
D 69 3115 3 15 70 45 76 51 6
D 82 2793 2 5 4 3 6
D 83 2793 2 5 12 3 13
D 81 2795 2 82 67 83 6
D 87 3117 2 22 30 24 6
D 88 3117 2 22 23 24 13
D 86 3119 2 87 25 88 6
D 89 3119 2 87 43 88 13
D 85 3123 2 86 73 89 6
D 92 3117 2 24 23 22 6
D 93 3117 2 24 30 22 13
D 91 3119 2 92 25 93 6
D 94 3119 2 92 43 93 13
D 90 3123 2 91 73 94 6
D 84 3115 3 15 85 45 90 51 6
D 96 2797 2 8 54 10 9
D 97 2793 2 5 4 3 12
D 98 2797 2 8 9 10 13
D 99 2793 2 5 12 3 6
D 95 2795 3 2 96 97 98 99 13
D 0 2799 5 1 14 52 55 65 69 81 84 95 6
