c ids of sdd nodes start at 0
c sdd nodes appear bottom-up, children before parents
c
c file syntax:
c sdd count-of-sdd-nodes
c F id-of-false-sdd-node
c T id-of-true-sdd-node
c L id-of-literal-sdd-node id-of-vtree literal
c D id-of-decomposition-sdd-node id-of-vtree number-of-elements {id-of-prime id-of-sub}*
c
sdd 214
L 3 216 -125
L 4 218 -126
L 5 216 125
F 6
D 2 217 2 3 4 5 6
L 8 220 -127
L 9 222 128
L 10 220 127
D 7 221 2 8 9 10 6
L 12 218 126
T 13
D 11 217 2 3 12 5 13
D 1 219 2 2 7 11 6
L 17 600 -151
L 18 602 -152
L 19 600 151
D 16 601 2 17 18 19 6
L 21 604 -153
L 22 606 154
L 23 604 153
D 20 605 2 21 22 23 6
L 25 602 152
D 24 601 2 17 25 19 13
D 15 603 2 16 20 24 6
L 30 704 -2759
L 31 706 -2760
L 32 704 2759
D 29 705 2 30 31 32 6
L 34 708 -2761
L 35 710 -2762
L 36 708 2761
D 33 709 2 34 35 36 6
L 38 706 2760
D 37 705 2 30 38 32 13
D 28 707 2 29 33 37 6
L 41 712 -2763
L 42 714 -2764
L 43 712 2763
D 40 713 2 41 42 43 6
L 45 716 -2765
L 46 718 -2766
L 47 716 2765
D 44 717 2 45 46 47 6
L 49 714 2764
D 48 713 2 41 49 43 13
D 39 715 2 40 44 48 6
L 52 710 2762
D 51 709 2 34 52 36 13
D 50 707 2 29 51 37 13
D 27 711 2 28 39 50 6
L 56 720 -2767
L 57 722 -2768
L 58 720 2767
D 55 721 2 56 57 58 6
L 60 724 -2769
L 61 726 -2770
L 62 724 2769
D 59 725 2 60 61 62 6
L 64 722 2768
D 63 721 2 56 64 58 13
D 54 723 2 55 59 63 6
L 67 728 -2771
L 68 730 -2772
L 69 728 2771
D 66 729 2 67 68 69 6
L 71 732 -2773
L 72 734 2774
L 73 732 2773
D 70 733 2 71 72 73 6
L 75 730 2772
D 74 729 2 67 75 69 13
D 65 731 2 66 70 74 6
L 78 726 2770
D 77 725 2 60 78 62 13
D 76 723 2 55 77 63 13
D 53 727 2 54 65 76 6
L 82 718 2766
D 81 717 2 45 82 47 13
D 80 715 2 40 81 48 13
D 79 711 2 28 80 50 13
D 26 719 2 27 53 79 6
L 85 606 -154
D 84 605 2 23 85 21 6
D 83 603 2 16 84 24 6
D 89 725 2 60 78 62 6
D 88 723 2 55 89 63 6
L 92 734 -2774
D 91 733 2 71 92 73 6
D 90 731 2 66 91 74 6
D 94 725 2 60 61 62 13
D 93 723 2 55 94 63 13
D 87 727 2 88 90 93 6
D 86 719 2 27 87 79 6
D 96 601 2 17 25 19 6
D 97 605 2 21 85 23 6
D 98 601 2 17 18 19 13
D 95 603 2 96 97 98 6
D 102 717 2 45 82 47 6
D 101 715 2 40 102 48 6
D 100 711 2 28 101 50 6
D 103 727 2 54 90 76 6
D 106 717 2 45 46 47 13
D 105 715 2 40 106 48 13
D 104 711 2 28 105 50 13
D 99 719 2 100 103 104 6
D 108 601 2 19 18 17 6
D 109 601 2 19 25 17 13
D 107 603 2 108 97 109 6
D 113 709 2 34 52 36 6
D 112 707 2 29 113 37 6
D 115 709 2 34 35 36 13
D 114 707 2 29 115 37 13
D 111 711 2 112 39 114 6
D 116 711 2 112 80 114 13
D 110 719 2 111 103 116 6
D 118 605 2 21 85 23 22
D 119 601 2 19 18 17 25
D 120 605 2 21 22 23 13
D 121 601 2 19 25 17 6
D 117 603 3 16 118 119 120 121 13
D 14 607 5 15 26 83 86 95 99 107 110 117 6
L 124 222 -128
D 123 221 2 10 124 8 6
D 122 219 2 2 123 11 6
D 129 733 2 73 92 71 6
D 128 731 2 66 129 74 6
D 127 727 2 54 128 76 6
D 126 719 2 27 127 79 6
D 133 725 2 62 61 60 6
D 132 723 2 55 133 63 6
D 135 725 2 62 78 60 13
D 134 723 2 55 135 63 13
D 131 727 2 132 90 134 6
D 130 719 2 27 131 79 6
D 139 717 2 47 46 45 6
D 138 715 2 40 139 48 6
D 137 711 2 28 138 50 6
D 142 717 2 47 82 45 13
D 141 715 2 40 142 48 13
D 140 711 2 28 141 50 13
D 136 719 2 137 103 140 6
D 146 709 2 36 35 34 6
D 145 707 2 29 146 37 6
D 148 709 2 36 52 34 13
D 147 707 2 29 148 37 13
D 144 711 2 145 39 147 6
D 149 711 2 145 80 147 13
D 143 719 2 144 103 149 6
D 125 607 5 15 126 83 130 95 136 107 143 117 6
D 151 217 2 3 12 5 6
D 152 221 2 8 124 10 6
D 153 217 2 3 4 5 13
D 150 219 2 151 152 153 6
D 158 729 2 67 75 69 6
D 159 729 2 67 68 69 13
D 157 731 2 158 91 159 6
D 156 727 2 54 157 76 6
D 155 719 2 27 156 79 6
D 163 721 2 56 64 58 6
D 164 721 2 56 57 58 13
D 162 723 2 163 59 164 6
D 165 723 2 163 77 164 13
D 161 727 2 162 90 165 6
D 160 719 2 27 161 79 6
D 169 713 2 41 49 43 6
D 170 713 2 41 42 43 13
D 168 715 2 169 44 170 6
D 167 711 2 28 168 50 6
D 172 715 2 169 81 170 13
D 171 711 2 28 172 50 13
D 166 719 2 167 103 171 6
D 176 705 2 30 38 32 6
D 177 705 2 30 31 32 13
D 175 707 2 176 33 177 6
D 178 707 2 176 51 177 13
D 174 711 2 175 39 178 6
D 179 711 2 175 80 178 13
D 173 719 2 174 103 179 6
D 154 607 5 15 155 83 160 95 166 107 173 117 6
D 181 217 2 5 4 3 6
D 182 217 2 5 12 3 13
D 180 219 2 181 152 182 6
D 187 729 2 69 68 67 6
D 188 729 2 69 75 67 13
D 186 731 2 187 91 188 6
D 185 727 2 54 186 76 6
D 184 719 2 27 185 79 6
D 192 721 2 58 57 56 6
D 193 721 2 58 64 56 13
D 191 723 2 192 59 193 6
D 194 723 2 192 77 193 13
D 190 727 2 191 90 194 6
D 189 719 2 27 190 79 6
D 198 713 2 43 42 41 6
D 199 713 2 43 49 41 13
D 197 715 2 198 44 199 6
D 196 711 2 28 197 50 6
D 201 715 2 198 81 199 13
D 200 711 2 28 201 50 13
D 195 719 2 196 103 200 6
D 205 705 2 32 31 30 6
D 206 705 2 32 38 30 13
D 204 707 2 205 33 206 6
D 207 707 2 205 51 206 13
D 203 711 2 204 39 207 6
D 208 711 2 204 80 207 13
D 202 719 2 203 103 208 6
D 183 607 5 15 184 83 189 95 195 107 202 117 6
D 210 221 2 8 124 10 9
D 211 217 2 5 4 3 12
D 212 221 2 8 9 10 13
D 213 217 2 5 12 3 6
D 209 219 3 2 210 211 212 213 13
D 0 223 5 1 14 122 125 150 154 180 183 209 6
