c ids of sdd nodes start at 0
c sdd nodes appear bottom-up, children before parents
c
c file syntax:
c sdd count-of-sdd-nodes
c F id-of-false-sdd-node
c T id-of-true-sdd-node
c L id-of-literal-sdd-node id-of-vtree literal
c D id-of-decomposition-sdd-node id-of-vtree number-of-elements {id-of-prime id-of-sub}*
c
sdd 100
L 3 216 -125
L 4 218 -126
L 5 216 125
F 6
D 2 217 2 3 4 5 6
L 8 220 -127
L 9 222 128
L 10 220 127
D 7 221 2 8 9 10 6
L 12 218 126
T 13
D 11 217 2 3 12 5 13
D 1 219 2 2 7 11 6
L 16 1288 -135
L 17 1290 136
L 18 1288 135
D 15 1289 2 16 17 18 6
L 22 1364 -2787
L 23 1366 -2788
L 24 1364 2787
D 21 1365 2 22 23 24 6
L 26 1368 -2789
L 27 1370 -2790
L 28 1368 2789
D 25 1369 2 26 27 28 6
L 30 1366 2788
D 29 1365 2 22 30 24 13
D 20 1367 2 21 25 29 6
L 33 1372 -2791
L 34 1374 -2792
L 35 1372 2791
D 32 1373 2 33 34 35 6
L 37 1376 -2793
L 38 1378 2794
L 39 1376 2793
D 36 1377 2 37 38 39 6
L 41 1374 2792
D 40 1373 2 33 41 35 13
D 31 1375 2 32 36 40 6
L 44 1370 2790
D 43 1369 2 26 44 28 13
D 42 1367 2 21 43 29 13
D 19 1371 2 20 31 42 6
L 46 1290 -136
D 45 1289 2 18 46 16 6
D 49 1369 2 26 44 28 6
D 48 1367 2 21 49 29 6
L 52 1378 -2794
D 51 1377 2 37 52 39 6
D 50 1375 2 32 51 40 6
D 54 1369 2 26 27 28 13
D 53 1367 2 21 54 29 13
D 47 1371 2 48 50 53 6
D 55 1289 2 16 46 18 17
D 14 1291 3 15 19 45 47 55 6
L 58 222 -128
D 57 221 2 10 58 8 6
D 56 219 2 2 57 11 6
D 62 1377 2 39 52 37 6
D 61 1375 2 32 62 40 6
D 60 1371 2 20 61 42 6
D 65 1369 2 28 27 26 6
D 64 1367 2 21 65 29 6
D 67 1369 2 28 44 26 13
D 66 1367 2 21 67 29 13
D 63 1371 2 64 50 66 6
D 59 1291 3 15 60 45 63 55 6
D 69 217 2 3 12 5 6
D 70 221 2 8 58 10 6
D 71 217 2 3 4 5 13
D 68 219 2 69 70 71 6
D 75 1373 2 33 41 35 6
D 76 1373 2 33 34 35 13
D 74 1375 2 75 51 76 6
D 73 1371 2 20 74 42 6
D 79 1365 2 22 30 24 6
D 80 1365 2 22 23 24 13
D 78 1367 2 79 25 80 6
D 81 1367 2 79 43 80 13
D 77 1371 2 78 50 81 6
D 72 1291 3 15 73 45 77 55 6
D 83 217 2 5 4 3 6
D 84 217 2 5 12 3 13
D 82 219 2 83 70 84 6
D 88 1373 2 35 34 33 6
D 89 1373 2 35 41 33 13
D 87 1375 2 88 51 89 6
D 86 1371 2 20 87 42 6
D 92 1365 2 24 23 22 6
D 93 1365 2 24 30 22 13
D 91 1367 2 92 25 93 6
D 94 1367 2 92 43 93 13
D 90 1371 2 91 50 94 6
D 85 1291 3 15 86 45 90 55 6
D 96 221 2 8 58 10 9
D 97 217 2 5 4 3 12
D 98 221 2 8 9 10 13
D 99 217 2 5 12 3 6
D 95 219 3 2 96 97 98 99 13
D 0 223 5 1 14 56 59 68 72 82 85 95 6
