c ids of sdd nodes start at 0
c sdd nodes appear bottom-up, children before parents
c
c file syntax:
c sdd count-of-sdd-nodes
c F id-of-false-sdd-node
c T id-of-true-sdd-node
c L id-of-literal-sdd-node id-of-vtree literal
c D id-of-decomposition-sdd-node id-of-vtree number-of-elements {id-of-prime id-of-sub}*
c
sdd 214
L 3 3432 -13
L 4 3434 -14
L 5 3432 13
F 6
D 2 3433 2 3 4 5 6
L 8 3436 -15
L 9 3438 16
L 10 3436 15
D 7 3437 2 8 9 10 6
L 12 3434 14
T 13
D 11 3433 2 3 12 5 13
D 1 3435 2 2 7 11 6
L 17 3512 -9
L 18 3514 -10
L 19 3512 9
D 16 3513 2 17 18 19 6
L 21 3516 -11
L 22 3518 12
L 23 3516 11
D 20 3517 2 21 22 23 6
L 25 3514 10
D 24 3513 2 17 25 19 13
D 15 3515 2 16 20 24 6
L 30 3520 -2819
L 31 3522 -2820
L 32 3520 2819
D 29 3521 2 30 31 32 6
L 34 3524 -2821
L 35 3526 -2822
L 36 3524 2821
D 33 3525 2 34 35 36 6
L 38 3522 2820
D 37 3521 2 30 38 32 13
D 28 3523 2 29 33 37 6
L 41 3528 -2823
L 42 3530 -2824
L 43 3528 2823
D 40 3529 2 41 42 43 6
L 45 3532 -2825
L 46 3534 -2826
L 47 3532 2825
D 44 3533 2 45 46 47 6
L 49 3530 2824
D 48 3529 2 41 49 43 13
D 39 3531 2 40 44 48 6
L 52 3526 2822
D 51 3525 2 34 52 36 13
D 50 3523 2 29 51 37 13
D 27 3527 2 28 39 50 6
L 56 3536 -2827
L 57 3538 -2828
L 58 3536 2827
D 55 3537 2 56 57 58 6
L 60 3540 -2829
L 61 3542 -2830
L 62 3540 2829
D 59 3541 2 60 61 62 6
L 64 3538 2828
D 63 3537 2 56 64 58 13
D 54 3539 2 55 59 63 6
L 67 3544 -2831
L 68 3546 -2832
L 69 3544 2831
D 66 3545 2 67 68 69 6
L 71 3548 -2833
L 72 3550 2834
L 73 3548 2833
D 70 3549 2 71 72 73 6
L 75 3546 2832
D 74 3545 2 67 75 69 13
D 65 3547 2 66 70 74 6
L 78 3542 2830
D 77 3541 2 60 78 62 13
D 76 3539 2 55 77 63 13
D 53 3543 2 54 65 76 6
L 82 3534 2826
D 81 3533 2 45 82 47 13
D 80 3531 2 40 81 48 13
D 79 3527 2 28 80 50 13
D 26 3535 2 27 53 79 6
L 85 3518 -12
D 84 3517 2 23 85 21 6
D 83 3515 2 16 84 24 6
D 89 3541 2 60 78 62 6
D 88 3539 2 55 89 63 6
L 92 3550 -2834
D 91 3549 2 71 92 73 6
D 90 3547 2 66 91 74 6
D 94 3541 2 60 61 62 13
D 93 3539 2 55 94 63 13
D 87 3543 2 88 90 93 6
D 86 3535 2 27 87 79 6
D 96 3513 2 17 25 19 6
D 97 3517 2 21 85 23 6
D 98 3513 2 17 18 19 13
D 95 3515 2 96 97 98 6
D 102 3533 2 45 82 47 6
D 101 3531 2 40 102 48 6
D 100 3527 2 28 101 50 6
D 103 3543 2 54 90 76 6
D 106 3533 2 45 46 47 13
D 105 3531 2 40 106 48 13
D 104 3527 2 28 105 50 13
D 99 3535 2 100 103 104 6
D 108 3513 2 19 18 17 6
D 109 3513 2 19 25 17 13
D 107 3515 2 108 97 109 6
D 113 3525 2 34 52 36 6
D 112 3523 2 29 113 37 6
D 115 3525 2 34 35 36 13
D 114 3523 2 29 115 37 13
D 111 3527 2 112 39 114 6
D 116 3527 2 112 80 114 13
D 110 3535 2 111 103 116 6
D 118 3517 2 21 85 23 22
D 119 3513 2 19 18 17 25
D 120 3517 2 21 22 23 13
D 121 3513 2 19 25 17 6
D 117 3515 3 16 118 119 120 121 13
D 14 3519 5 15 26 83 86 95 99 107 110 117 6
L 124 3438 -16
D 123 3437 2 10 124 8 6
D 122 3435 2 2 123 11 6
D 129 3549 2 73 92 71 6
D 128 3547 2 66 129 74 6
D 127 3543 2 54 128 76 6
D 126 3535 2 27 127 79 6
D 133 3541 2 62 61 60 6
D 132 3539 2 55 133 63 6
D 135 3541 2 62 78 60 13
D 134 3539 2 55 135 63 13
D 131 3543 2 132 90 134 6
D 130 3535 2 27 131 79 6
D 139 3533 2 47 46 45 6
D 138 3531 2 40 139 48 6
D 137 3527 2 28 138 50 6
D 142 3533 2 47 82 45 13
D 141 3531 2 40 142 48 13
D 140 3527 2 28 141 50 13
D 136 3535 2 137 103 140 6
D 146 3525 2 36 35 34 6
D 145 3523 2 29 146 37 6
D 148 3525 2 36 52 34 13
D 147 3523 2 29 148 37 13
D 144 3527 2 145 39 147 6
D 149 3527 2 145 80 147 13
D 143 3535 2 144 103 149 6
D 125 3519 5 15 126 83 130 95 136 107 143 117 6
D 151 3433 2 3 12 5 6
D 152 3437 2 8 124 10 6
D 153 3433 2 3 4 5 13
D 150 3435 2 151 152 153 6
D 158 3545 2 67 75 69 6
D 159 3545 2 67 68 69 13
D 157 3547 2 158 91 159 6
D 156 3543 2 54 157 76 6
D 155 3535 2 27 156 79 6
D 163 3537 2 56 64 58 6
D 164 3537 2 56 57 58 13
D 162 3539 2 163 59 164 6
D 165 3539 2 163 77 164 13
D 161 3543 2 162 90 165 6
D 160 3535 2 27 161 79 6
D 169 3529 2 41 49 43 6
D 170 3529 2 41 42 43 13
D 168 3531 2 169 44 170 6
D 167 3527 2 28 168 50 6
D 172 3531 2 169 81 170 13
D 171 3527 2 28 172 50 13
D 166 3535 2 167 103 171 6
D 176 3521 2 30 38 32 6
D 177 3521 2 30 31 32 13
D 175 3523 2 176 33 177 6
D 178 3523 2 176 51 177 13
D 174 3527 2 175 39 178 6
D 179 3527 2 175 80 178 13
D 173 3535 2 174 103 179 6
D 154 3519 5 15 155 83 160 95 166 107 173 117 6
D 181 3433 2 5 4 3 6
D 182 3433 2 5 12 3 13
D 180 3435 2 181 152 182 6
D 187 3545 2 69 68 67 6
D 188 3545 2 69 75 67 13
D 186 3547 2 187 91 188 6
D 185 3543 2 54 186 76 6
D 184 3535 2 27 185 79 6
D 192 3537 2 58 57 56 6
D 193 3537 2 58 64 56 13
D 191 3539 2 192 59 193 6
D 194 3539 2 192 77 193 13
D 190 3543 2 191 90 194 6
D 189 3535 2 27 190 79 6
D 198 3529 2 43 42 41 6
D 199 3529 2 43 49 41 13
D 197 3531 2 198 44 199 6
D 196 3527 2 28 197 50 6
D 201 3531 2 198 81 199 13
D 200 3527 2 28 201 50 13
D 195 3535 2 196 103 200 6
D 205 3521 2 32 31 30 6
D 206 3521 2 32 38 30 13
D 204 3523 2 205 33 206 6
D 207 3523 2 205 51 206 13
D 203 3527 2 204 39 207 6
D 208 3527 2 204 80 207 13
D 202 3535 2 203 103 208 6
D 183 3519 5 15 184 83 189 95 195 107 202 117 6
D 210 3437 2 8 124 10 9
D 211 3433 2 5 4 3 12
D 212 3437 2 8 9 10 13
D 213 3433 2 5 12 3 6
D 209 3435 3 2 210 211 212 213 13
D 0 3439 5 1 14 122 125 150 154 180 183 209 6
