c ids of sdd nodes start at 0
c sdd nodes appear bottom-up, children before parents
c
c file syntax:
c sdd count-of-sdd-nodes
c F id-of-false-sdd-node
c T id-of-true-sdd-node
c L id-of-literal-sdd-node id-of-vtree literal
c D id-of-decomposition-sdd-node id-of-vtree number-of-elements {id-of-prime id-of-sub}*
c
sdd 98
L 2 1592 -89
L 3 1594 90
L 4 1592 89
F 5
D 1 1593 2 2 3 4 5
L 9 1984 -75
L 10 1986 -76
L 11 1984 75
D 8 1985 2 9 10 11 5
L 13 1988 -77
L 14 1990 78
L 15 1988 77
D 12 1989 2 13 14 15 5
L 17 1986 76
T 18
D 16 1985 2 9 17 11 18
D 7 1987 2 8 12 16 5
L 22 2040 -2839
L 23 2042 -2840
L 24 2040 2839
D 21 2041 2 22 23 24 5
L 26 2044 -2841
L 27 2046 -2842
L 28 2044 2841
D 25 2045 2 26 27 28 5
L 30 2042 2840
D 29 2041 2 22 30 24 18
D 20 2043 2 21 25 29 5
L 33 2048 -2843
L 34 2050 -2844
L 35 2048 2843
D 32 2049 2 33 34 35 5
L 37 2052 -2845
L 38 2054 2846
L 39 2052 2845
D 36 2053 2 37 38 39 5
L 41 2050 2844
D 40 2049 2 33 41 35 18
D 31 2051 2 32 36 40 5
L 44 2046 2842
D 43 2045 2 26 44 28 18
D 42 2043 2 21 43 29 18
D 19 2047 2 20 31 42 5
L 47 1990 -78
D 46 1989 2 15 47 13 5
D 45 1987 2 8 46 16 5
D 50 2049 2 33 41 35 5
L 52 2054 -2846
D 51 2053 2 37 52 39 5
D 53 2049 2 33 34 35 18
D 49 2051 2 50 51 53 5
D 48 2047 2 20 49 42 5
D 55 1985 2 9 17 11 5
D 56 1989 2 13 47 15 5
D 57 1985 2 9 10 11 18
D 54 1987 2 55 56 57 5
D 60 2045 2 26 44 28 5
D 59 2043 2 21 60 29 5
D 61 2051 2 32 51 40 5
D 63 2045 2 26 27 28 18
D 62 2043 2 21 63 29 18
D 58 2047 2 59 61 62 5
D 65 1985 2 11 10 9 5
D 66 1985 2 11 17 9 18
D 64 1987 2 65 56 66 5
D 69 2041 2 22 30 24 5
D 70 2041 2 22 23 24 18
D 68 2043 2 69 25 70 5
D 71 2043 2 69 43 70 18
D 67 2047 2 68 61 71 5
D 73 1989 2 13 47 15 14
D 74 1985 2 11 10 9 17
D 75 1989 2 13 14 15 18
D 76 1985 2 11 17 9 5
D 72 1987 3 8 73 74 75 76 18
D 6 1991 5 7 19 45 48 54 58 64 67 72 5
L 78 1594 -90
D 77 1593 2 4 78 2 5
D 82 2053 2 39 52 37 5
D 81 2051 2 32 82 40 5
D 80 2047 2 20 81 42 5
D 85 2049 2 35 34 33 5
D 86 2049 2 35 41 33 18
D 84 2051 2 85 51 86 5
D 83 2047 2 20 84 42 5
D 89 2045 2 28 27 26 5
D 88 2043 2 21 89 29 5
D 91 2045 2 28 44 26 18
D 90 2043 2 21 91 29 18
D 87 2047 2 88 61 90 5
D 94 2041 2 24 23 22 5
D 95 2041 2 24 30 22 18
D 93 2043 2 94 25 95 5
D 96 2043 2 94 43 95 18
D 92 2047 2 93 61 96 5
D 79 1991 5 7 80 45 83 54 87 64 92 72 5
D 97 1593 2 2 78 4 3
D 0 1595 3 1 6 77 79 97 5
