c ids of sdd nodes start at 0
c sdd nodes appear bottom-up, children before parents
c
c file syntax:
c sdd count-of-sdd-nodes
c F id-of-false-sdd-node
c T id-of-true-sdd-node
c L id-of-literal-sdd-node id-of-vtree literal
c D id-of-decomposition-sdd-node id-of-vtree number-of-elements {id-of-prime id-of-sub}*
c
sdd 98
L 2 0 -165
L 3 2 166
L 4 0 165
F 5
D 1 1 2 2 3 4 5
L 9 1048 -145
L 10 1050 -146
L 11 1048 145
D 8 1049 2 9 10 11 5
L 13 1052 -147
L 14 1054 148
L 15 1052 147
D 12 1053 2 13 14 15 5
L 17 1050 146
T 18
D 16 1049 2 9 17 11 18
D 7 1051 2 8 12 16 5
L 22 1200 -2851
L 23 1202 -2852
L 24 1200 2851
D 21 1201 2 22 23 24 5
L 26 1204 -2853
L 27 1206 -2854
L 28 1204 2853
D 25 1205 2 26 27 28 5
L 30 1202 2852
D 29 1201 2 22 30 24 18
D 20 1203 2 21 25 29 5
L 33 1208 -2855
L 34 1210 -2856
L 35 1208 2855
D 32 1209 2 33 34 35 5
L 37 1212 -2857
L 38 1214 2858
L 39 1212 2857
D 36 1213 2 37 38 39 5
L 41 1210 2856
D 40 1209 2 33 41 35 18
D 31 1211 2 32 36 40 5
L 44 1206 2854
D 43 1205 2 26 44 28 18
D 42 1203 2 21 43 29 18
D 19 1207 2 20 31 42 5
L 47 1054 -148
D 46 1053 2 15 47 13 5
D 45 1051 2 8 46 16 5
D 50 1209 2 33 41 35 5
L 52 1214 -2858
D 51 1213 2 37 52 39 5
D 53 1209 2 33 34 35 18
D 49 1211 2 50 51 53 5
D 48 1207 2 20 49 42 5
D 55 1049 2 9 17 11 5
D 56 1053 2 13 47 15 5
D 57 1049 2 9 10 11 18
D 54 1051 2 55 56 57 5
D 60 1205 2 26 44 28 5
D 59 1203 2 21 60 29 5
D 61 1211 2 32 51 40 5
D 63 1205 2 26 27 28 18
D 62 1203 2 21 63 29 18
D 58 1207 2 59 61 62 5
D 65 1049 2 11 10 9 5
D 66 1049 2 11 17 9 18
D 64 1051 2 65 56 66 5
D 69 1201 2 22 30 24 5
D 70 1201 2 22 23 24 18
D 68 1203 2 69 25 70 5
D 71 1203 2 69 43 70 18
D 67 1207 2 68 61 71 5
D 73 1053 2 13 47 15 14
D 74 1049 2 11 10 9 17
D 75 1053 2 13 14 15 18
D 76 1049 2 11 17 9 5
D 72 1051 3 8 73 74 75 76 18
D 6 1055 5 7 19 45 48 54 58 64 67 72 5
L 78 2 -166
D 77 1 2 4 78 2 5
D 82 1213 2 39 52 37 5
D 81 1211 2 32 82 40 5
D 80 1207 2 20 81 42 5
D 85 1209 2 35 34 33 5
D 86 1209 2 35 41 33 18
D 84 1211 2 85 51 86 5
D 83 1207 2 20 84 42 5
D 89 1205 2 28 27 26 5
D 88 1203 2 21 89 29 5
D 91 1205 2 28 44 26 18
D 90 1203 2 21 91 29 18
D 87 1207 2 88 61 90 5
D 94 1201 2 24 23 22 5
D 95 1201 2 24 30 22 18
D 93 1203 2 94 25 95 5
D 96 1203 2 94 43 95 18
D 92 1207 2 93 61 96 5
D 79 1055 5 7 80 45 83 54 87 64 92 72 5
D 97 1 2 2 78 4 3
D 0 3 3 1 6 77 79 97 5
