c ids of sdd nodes start at 0
c sdd nodes appear bottom-up, children before parents
c
c file syntax:
c sdd count-of-sdd-nodes
c F id-of-false-sdd-node
c T id-of-true-sdd-node
c L id-of-literal-sdd-node id-of-vtree literal
c D id-of-decomposition-sdd-node id-of-vtree number-of-elements {id-of-prime id-of-sub}*
c
sdd 214
L 3 8496 -237
L 4 8498 -238
L 5 8496 237
F 6
D 2 8497 2 3 4 5 6
L 8 8500 -239
L 9 8502 240
L 10 8500 239
D 7 8501 2 8 9 10 6
L 12 8498 238
T 13
D 11 8497 2 3 12 5 13
D 1 8499 2 2 7 11 6
L 17 9016 -251
L 18 9018 -252
L 19 9016 251
D 16 9017 2 17 18 19 6
L 21 9020 -253
L 22 9022 254
L 23 9020 253
D 20 9021 2 21 22 23 6
L 25 9018 252
D 24 9017 2 17 25 19 13
D 15 9019 2 16 20 24 6
L 30 9168 -2903
L 31 9170 -2904
L 32 9168 2903
D 29 9169 2 30 31 32 6
L 34 9172 -2905
L 35 9174 -2906
L 36 9172 2905
D 33 9173 2 34 35 36 6
L 38 9170 2904
D 37 9169 2 30 38 32 13
D 28 9171 2 29 33 37 6
L 41 9176 -2907
L 42 9178 -2908
L 43 9176 2907
D 40 9177 2 41 42 43 6
L 45 9180 -2909
L 46 9182 -2910
L 47 9180 2909
D 44 9181 2 45 46 47 6
L 49 9178 2908
D 48 9177 2 41 49 43 13
D 39 9179 2 40 44 48 6
L 52 9174 2906
D 51 9173 2 34 52 36 13
D 50 9171 2 29 51 37 13
D 27 9175 2 28 39 50 6
L 56 9184 -2911
L 57 9186 -2912
L 58 9184 2911
D 55 9185 2 56 57 58 6
L 60 9188 -2913
L 61 9190 -2914
L 62 9188 2913
D 59 9189 2 60 61 62 6
L 64 9186 2912
D 63 9185 2 56 64 58 13
D 54 9187 2 55 59 63 6
L 67 9192 -2915
L 68 9194 -2916
L 69 9192 2915
D 66 9193 2 67 68 69 6
L 71 9196 -2917
L 72 9198 2918
L 73 9196 2917
D 70 9197 2 71 72 73 6
L 75 9194 2916
D 74 9193 2 67 75 69 13
D 65 9195 2 66 70 74 6
L 78 9190 2914
D 77 9189 2 60 78 62 13
D 76 9187 2 55 77 63 13
D 53 9191 2 54 65 76 6
L 82 9182 2910
D 81 9181 2 45 82 47 13
D 80 9179 2 40 81 48 13
D 79 9175 2 28 80 50 13
D 26 9183 2 27 53 79 6
L 85 9022 -254
D 84 9021 2 23 85 21 6
D 83 9019 2 16 84 24 6
L 90 9198 -2918
D 89 9197 2 73 90 71 6
D 88 9195 2 66 89 74 6
D 87 9191 2 54 88 76 6
D 86 9183 2 27 87 79 6
D 92 9017 2 17 25 19 6
D 93 9021 2 21 85 23 6
D 94 9017 2 17 18 19 13
D 91 9019 2 92 93 94 6
D 98 9193 2 67 75 69 6
D 99 9197 2 71 90 73 6
D 100 9193 2 67 68 69 13
D 97 9195 2 98 99 100 6
D 96 9191 2 54 97 76 6
D 95 9183 2 27 96 79 6
D 102 9017 2 19 18 17 6
D 103 9017 2 19 25 17 13
D 101 9019 2 102 93 103 6
D 107 9193 2 69 68 67 6
D 108 9193 2 69 75 67 13
D 106 9195 2 107 99 108 6
D 105 9191 2 54 106 76 6
D 104 9183 2 27 105 79 6
D 110 9021 2 21 85 23 22
D 111 9017 2 19 18 17 25
D 112 9021 2 21 22 23 13
D 113 9017 2 19 25 17 6
D 109 9019 3 16 110 111 112 113 13
D 14 9023 5 15 26 83 86 91 95 101 104 109 6
L 116 8502 -240
D 115 8501 2 10 116 8 6
D 114 8499 2 2 115 11 6
D 121 9189 2 60 78 62 6
D 120 9187 2 55 121 63 6
D 122 9195 2 66 99 74 6
D 124 9189 2 60 61 62 13
D 123 9187 2 55 124 63 13
D 119 9191 2 120 122 123 6
D 118 9183 2 27 119 79 6
D 128 9189 2 62 61 60 6
D 127 9187 2 55 128 63 6
D 130 9189 2 62 78 60 13
D 129 9187 2 55 130 63 13
D 126 9191 2 127 122 129 6
D 125 9183 2 27 126 79 6
D 134 9185 2 56 64 58 6
D 135 9185 2 56 57 58 13
D 133 9187 2 134 59 135 6
D 136 9187 2 134 77 135 13
D 132 9191 2 133 122 136 6
D 131 9183 2 27 132 79 6
D 140 9185 2 58 57 56 6
D 141 9185 2 58 64 56 13
D 139 9187 2 140 59 141 6
D 142 9187 2 140 77 141 13
D 138 9191 2 139 122 142 6
D 137 9183 2 27 138 79 6
D 117 9023 5 15 118 83 125 91 131 101 137 109 6
D 144 8497 2 3 12 5 6
D 145 8501 2 8 116 10 6
D 146 8497 2 3 4 5 13
D 143 8499 2 144 145 146 6
D 151 9181 2 45 82 47 6
D 150 9179 2 40 151 48 6
D 149 9175 2 28 150 50 6
D 152 9191 2 54 122 76 6
D 155 9181 2 45 46 47 13
D 154 9179 2 40 155 48 13
D 153 9175 2 28 154 50 13
D 148 9183 2 149 152 153 6
D 159 9181 2 47 46 45 6
D 158 9179 2 40 159 48 6
D 157 9175 2 28 158 50 6
D 162 9181 2 47 82 45 13
D 161 9179 2 40 162 48 13
D 160 9175 2 28 161 50 13
D 156 9183 2 157 152 160 6
D 166 9177 2 41 49 43 6
D 167 9177 2 41 42 43 13
D 165 9179 2 166 44 167 6
D 164 9175 2 28 165 50 6
D 169 9179 2 166 81 167 13
D 168 9175 2 28 169 50 13
D 163 9183 2 164 152 168 6
D 173 9177 2 43 42 41 6
D 174 9177 2 43 49 41 13
D 172 9179 2 173 44 174 6
D 171 9175 2 28 172 50 6
D 176 9179 2 173 81 174 13
D 175 9175 2 28 176 50 13
D 170 9183 2 171 152 175 6
D 147 9023 5 15 148 83 156 91 163 101 170 109 6
D 178 8497 2 5 4 3 6
D 179 8497 2 5 12 3 13
D 177 8499 2 178 145 179 6
D 184 9173 2 34 52 36 6
D 183 9171 2 29 184 37 6
D 186 9173 2 34 35 36 13
D 185 9171 2 29 186 37 13
D 182 9175 2 183 39 185 6
D 187 9175 2 183 80 185 13
D 181 9183 2 182 152 187 6
D 191 9173 2 36 35 34 6
D 190 9171 2 29 191 37 6
D 193 9173 2 36 52 34 13
D 192 9171 2 29 193 37 13
D 189 9175 2 190 39 192 6
D 194 9175 2 190 80 192 13
D 188 9183 2 189 152 194 6
D 198 9169 2 30 38 32 6
D 199 9169 2 30 31 32 13
D 197 9171 2 198 33 199 6
D 200 9171 2 198 51 199 13
D 196 9175 2 197 39 200 6
D 201 9175 2 197 80 200 13
D 195 9183 2 196 152 201 6
D 205 9169 2 32 31 30 6
D 206 9169 2 32 38 30 13
D 204 9171 2 205 33 206 6
D 207 9171 2 205 51 206 13
D 203 9175 2 204 39 207 6
D 208 9175 2 204 80 207 13
D 202 9183 2 203 152 208 6
D 180 9023 5 15 181 83 188 91 195 101 202 109 6
D 210 8501 2 8 116 10 9
D 211 8497 2 5 4 3 12
D 212 8501 2 8 9 10 13
D 213 8497 2 5 12 3 6
D 209 8499 3 2 210 211 212 213 13
D 0 8503 5 1 14 114 117 143 147 177 180 209 6
