c ids of sdd nodes start at 0
c sdd nodes appear bottom-up, children before parents
c
c file syntax:
c sdd count-of-sdd-nodes
c F id-of-false-sdd-node
c T id-of-true-sdd-node
c L id-of-literal-sdd-node id-of-vtree literal
c D id-of-decomposition-sdd-node id-of-vtree number-of-elements {id-of-prime id-of-sub}*
c
sdd 98
L 2 2336 -39
L 3 2338 40
L 4 2336 39
F 5
D 1 2337 2 2 3 4 5
L 9 2792 -33
L 10 2794 -34
L 11 2792 33
D 8 2793 2 9 10 11 5
L 13 2796 -35
L 14 2798 36
L 15 2796 35
D 12 2797 2 13 14 15 5
L 17 2794 34
T 18
D 16 2793 2 9 17 11 18
D 7 2795 2 8 12 16 5
L 22 2896 -2919
L 23 2898 -2920
L 24 2896 2919
D 21 2897 2 22 23 24 5
L 26 2900 -2921
L 27 2902 -2922
L 28 2900 2921
D 25 2901 2 26 27 28 5
L 30 2898 2920
D 29 2897 2 22 30 24 18
D 20 2899 2 21 25 29 5
L 33 2904 -2923
L 34 2906 -2924
L 35 2904 2923
D 32 2905 2 33 34 35 5
L 37 2908 -2925
L 38 2910 2926
L 39 2908 2925
D 36 2909 2 37 38 39 5
L 41 2906 2924
D 40 2905 2 33 41 35 18
D 31 2907 2 32 36 40 5
L 44 2902 2922
D 43 2901 2 26 44 28 18
D 42 2899 2 21 43 29 18
D 19 2903 2 20 31 42 5
L 47 2798 -36
D 46 2797 2 15 47 13 5
D 45 2795 2 8 46 16 5
L 51 2910 -2926
D 50 2909 2 39 51 37 5
D 49 2907 2 32 50 40 5
D 48 2903 2 20 49 42 5
D 53 2793 2 9 17 11 5
D 54 2797 2 13 47 15 5
D 55 2793 2 9 10 11 18
D 52 2795 2 53 54 55 5
D 58 2905 2 33 41 35 5
D 59 2909 2 37 51 39 5
D 60 2905 2 33 34 35 18
D 57 2907 2 58 59 60 5
D 56 2903 2 20 57 42 5
D 62 2793 2 11 10 9 5
D 63 2793 2 11 17 9 18
D 61 2795 2 62 54 63 5
D 66 2905 2 35 34 33 5
D 67 2905 2 35 41 33 18
D 65 2907 2 66 59 67 5
D 64 2903 2 20 65 42 5
D 69 2797 2 13 47 15 14
D 70 2793 2 11 10 9 17
D 71 2797 2 13 14 15 18
D 72 2793 2 11 17 9 5
D 68 2795 3 8 69 70 71 72 18
D 6 2799 5 7 19 45 48 52 56 61 64 68 5
L 74 2338 -40
D 73 2337 2 4 74 2 5
D 78 2901 2 26 44 28 5
D 77 2899 2 21 78 29 5
D 79 2907 2 32 59 40 5
D 81 2901 2 26 27 28 18
D 80 2899 2 21 81 29 18
D 76 2903 2 77 79 80 5
D 84 2901 2 28 27 26 5
D 83 2899 2 21 84 29 5
D 86 2901 2 28 44 26 18
D 85 2899 2 21 86 29 18
D 82 2903 2 83 79 85 5
D 89 2897 2 22 30 24 5
D 90 2897 2 22 23 24 18
D 88 2899 2 89 25 90 5
D 91 2899 2 89 43 90 18
D 87 2903 2 88 79 91 5
D 94 2897 2 24 23 22 5
D 95 2897 2 24 30 22 18
D 93 2899 2 94 25 95 5
D 96 2899 2 94 43 95 18
D 92 2903 2 93 79 96 5
D 75 2799 5 7 76 45 82 52 87 61 92 68 5
D 97 2337 2 2 74 4 3
D 0 2339 3 1 6 73 75 97 5
