c ids of sdd nodes start at 0
c sdd nodes appear bottom-up, children before parents
c
c file syntax:
c sdd count-of-sdd-nodes
c F id-of-false-sdd-node
c T id-of-true-sdd-node
c L id-of-literal-sdd-node id-of-vtree literal
c D id-of-decomposition-sdd-node id-of-vtree number-of-elements {id-of-prime id-of-sub}*
c
sdd 100
L 3 4528 -141
L 4 4530 -142
L 5 4528 141
F 6
D 2 4529 2 3 4 5 6
L 8 4532 -143
L 9 4534 144
L 10 4532 143
D 7 4533 2 8 9 10 6
L 12 4530 142
T 13
D 11 4529 2 3 12 5 13
D 1 4531 2 2 7 11 6
L 16 4880 -139
L 17 4882 140
L 18 4880 139
D 15 4881 2 16 17 18 6
L 22 4980 -2955
L 23 4982 -2956
L 24 4980 2955
D 21 4981 2 22 23 24 6
L 26 4984 -2957
L 27 4986 -2958
L 28 4984 2957
D 25 4985 2 26 27 28 6
L 30 4982 2956
D 29 4981 2 22 30 24 13
D 20 4983 2 21 25 29 6
L 33 4988 -2959
L 34 4990 -2960
L 35 4988 2959
D 32 4989 2 33 34 35 6
L 37 4992 -2961
L 38 4994 2962
L 39 4992 2961
D 36 4993 2 37 38 39 6
L 41 4990 2960
D 40 4989 2 33 41 35 13
D 31 4991 2 32 36 40 6
L 44 4986 2958
D 43 4985 2 26 44 28 13
D 42 4983 2 21 43 29 13
D 19 4987 2 20 31 42 6
L 46 4882 -140
D 45 4881 2 18 46 16 6
L 50 4994 -2962
D 49 4993 2 39 50 37 6
D 48 4991 2 32 49 40 6
D 47 4987 2 20 48 42 6
D 51 4881 2 16 46 18 17
D 14 4883 3 15 19 45 47 51 6
L 54 4534 -144
D 53 4533 2 10 54 8 6
D 52 4531 2 2 53 11 6
D 58 4989 2 33 41 35 6
D 59 4993 2 37 50 39 6
D 60 4989 2 33 34 35 13
D 57 4991 2 58 59 60 6
D 56 4987 2 20 57 42 6
D 63 4989 2 35 34 33 6
D 64 4989 2 35 41 33 13
D 62 4991 2 63 59 64 6
D 61 4987 2 20 62 42 6
D 55 4883 3 15 56 45 61 51 6
D 66 4529 2 3 12 5 6
D 67 4533 2 8 54 10 6
D 68 4529 2 3 4 5 13
D 65 4531 2 66 67 68 6
D 72 4985 2 26 44 28 6
D 71 4983 2 21 72 29 6
D 73 4991 2 32 59 40 6
D 75 4985 2 26 27 28 13
D 74 4983 2 21 75 29 13
D 70 4987 2 71 73 74 6
D 78 4985 2 28 27 26 6
D 77 4983 2 21 78 29 6
D 80 4985 2 28 44 26 13
D 79 4983 2 21 80 29 13
D 76 4987 2 77 73 79 6
D 69 4883 3 15 70 45 76 51 6
D 82 4529 2 5 4 3 6
D 83 4529 2 5 12 3 13
D 81 4531 2 82 67 83 6
D 87 4981 2 22 30 24 6
D 88 4981 2 22 23 24 13
D 86 4983 2 87 25 88 6
D 89 4983 2 87 43 88 13
D 85 4987 2 86 73 89 6
D 92 4981 2 24 23 22 6
D 93 4981 2 24 30 22 13
D 91 4983 2 92 25 93 6
D 94 4983 2 92 43 93 13
D 90 4987 2 91 73 94 6
D 84 4883 3 15 85 45 90 51 6
D 96 4533 2 8 54 10 9
D 97 4529 2 5 4 3 12
D 98 4533 2 8 9 10 13
D 99 4529 2 5 12 3 6
D 95 4531 3 2 96 97 98 99 13
D 0 4535 5 1 14 52 55 65 69 81 84 95 6
