c ids of sdd nodes start at 0
c sdd nodes appear bottom-up, children before parents
c
c file syntax:
c sdd count-of-sdd-nodes
c F id-of-false-sdd-node
c T id-of-true-sdd-node
c L id-of-literal-sdd-node id-of-vtree literal
c D id-of-decomposition-sdd-node id-of-vtree number-of-elements {id-of-prime id-of-sub}*
c
sdd 98
L 2 3112 -19
L 3 3114 20
L 4 3112 19
F 5
D 1 3113 2 2 3 4 5
L 9 3432 -13
L 10 3434 -14
L 11 3432 13
D 8 3433 2 9 10 11 5
L 13 3436 -15
L 14 3438 16
L 15 3436 15
D 12 3437 2 13 14 15 5
L 17 3434 14
T 18
D 16 3433 2 9 17 11 18
D 7 3435 2 8 12 16 5
L 22 3440 -551
L 23 3442 -552
L 24 3440 551
D 21 3441 2 22 23 24 5
L 26 3444 -553
L 27 3446 -554
L 28 3444 553
D 25 3445 2 26 27 28 5
L 30 3442 552
D 29 3441 2 22 30 24 18
D 20 3443 2 21 25 29 5
L 33 3448 -555
L 34 3450 -556
L 35 3448 555
D 32 3449 2 33 34 35 5
L 37 3452 -557
L 38 3454 558
L 39 3452 557
D 36 3453 2 37 38 39 5
L 41 3450 556
D 40 3449 2 33 41 35 18
D 31 3451 2 32 36 40 5
L 44 3446 554
D 43 3445 2 26 44 28 18
D 42 3443 2 21 43 29 18
D 19 3447 2 20 31 42 5
L 47 3438 -16
D 46 3437 2 15 47 13 5
D 45 3435 2 8 46 16 5
D 50 3449 2 33 41 35 5
L 52 3454 -558
D 51 3453 2 37 52 39 5
D 53 3449 2 33 34 35 18
D 49 3451 2 50 51 53 5
D 48 3447 2 20 49 42 5
D 55 3433 2 9 17 11 5
D 56 3437 2 13 47 15 5
D 57 3433 2 9 10 11 18
D 54 3435 2 55 56 57 5
D 60 3445 2 26 44 28 5
D 59 3443 2 21 60 29 5
D 61 3451 2 32 51 40 5
D 63 3445 2 26 27 28 18
D 62 3443 2 21 63 29 18
D 58 3447 2 59 61 62 5
D 65 3433 2 11 10 9 5
D 66 3433 2 11 17 9 18
D 64 3435 2 65 56 66 5
D 69 3441 2 22 30 24 5
D 70 3441 2 22 23 24 18
D 68 3443 2 69 25 70 5
D 71 3443 2 69 43 70 18
D 67 3447 2 68 61 71 5
D 73 3437 2 13 47 15 14
D 74 3433 2 11 10 9 17
D 75 3437 2 13 14 15 18
D 76 3433 2 11 17 9 5
D 72 3435 3 8 73 74 75 76 18
D 6 3439 5 7 19 45 48 54 58 64 67 72 5
L 78 3114 -20
D 77 3113 2 4 78 2 5
D 82 3453 2 39 52 37 5
D 81 3451 2 32 82 40 5
D 80 3447 2 20 81 42 5
D 85 3449 2 35 34 33 5
D 86 3449 2 35 41 33 18
D 84 3451 2 85 51 86 5
D 83 3447 2 20 84 42 5
D 89 3445 2 28 27 26 5
D 88 3443 2 21 89 29 5
D 91 3445 2 28 44 26 18
D 90 3443 2 21 91 29 18
D 87 3447 2 88 61 90 5
D 94 3441 2 24 23 22 5
D 95 3441 2 24 30 22 18
D 93 3443 2 94 25 95 5
D 96 3443 2 94 43 95 18
D 92 3447 2 93 61 96 5
D 79 3439 5 7 80 45 83 54 87 64 92 72 5
D 97 3113 2 2 78 4 3
D 0 3115 3 1 6 77 79 97 5
