c ids of sdd nodes start at 0
c sdd nodes appear bottom-up, children before parents
c
c file syntax:
c sdd count-of-sdd-nodes
c F id-of-false-sdd-node
c T id-of-true-sdd-node
c L id-of-literal-sdd-node id-of-vtree literal
c D id-of-decomposition-sdd-node id-of-vtree number-of-elements {id-of-prime id-of-sub}*
c
sdd 100
L 3 7512 -229
L 4 7514 -230
L 5 7512 229
F 6
D 2 7513 2 3 4 5 6
L 8 7516 -231
L 9 7518 232
L 10 7516 231
D 7 7517 2 8 9 10 6
L 12 7514 230
T 13
D 11 7513 2 3 12 5 13
D 1 7515 2 2 7 11 6
L 16 8384 -243
L 17 8386 244
L 18 8384 243
D 15 8385 2 16 17 18 6
L 22 8404 -559
L 23 8406 -560
L 24 8404 559
D 21 8405 2 22 23 24 6
L 26 8408 -561
L 27 8410 -562
L 28 8408 561
D 25 8409 2 26 27 28 6
L 30 8406 560
D 29 8405 2 22 30 24 13
D 20 8407 2 21 25 29 6
L 33 8412 -563
L 34 8414 -564
L 35 8412 563
D 32 8413 2 33 34 35 6
L 37 8416 -565
L 38 8418 566
L 39 8416 565
D 36 8417 2 37 38 39 6
L 41 8414 564
D 40 8413 2 33 41 35 13
D 31 8415 2 32 36 40 6
L 44 8410 562
D 43 8409 2 26 44 28 13
D 42 8407 2 21 43 29 13
D 19 8411 2 20 31 42 6
L 46 8386 -244
D 45 8385 2 18 46 16 6
L 50 8418 -566
D 49 8417 2 39 50 37 6
D 48 8415 2 32 49 40 6
D 47 8411 2 20 48 42 6
D 51 8385 2 16 46 18 17
D 14 8387 3 15 19 45 47 51 6
L 54 7518 -232
D 53 7517 2 10 54 8 6
D 52 7515 2 2 53 11 6
D 58 8413 2 33 41 35 6
D 59 8417 2 37 50 39 6
D 60 8413 2 33 34 35 13
D 57 8415 2 58 59 60 6
D 56 8411 2 20 57 42 6
D 63 8413 2 35 34 33 6
D 64 8413 2 35 41 33 13
D 62 8415 2 63 59 64 6
D 61 8411 2 20 62 42 6
D 55 8387 3 15 56 45 61 51 6
D 66 7513 2 3 12 5 6
D 67 7517 2 8 54 10 6
D 68 7513 2 3 4 5 13
D 65 7515 2 66 67 68 6
D 72 8409 2 26 44 28 6
D 71 8407 2 21 72 29 6
D 73 8415 2 32 59 40 6
D 75 8409 2 26 27 28 13
D 74 8407 2 21 75 29 13
D 70 8411 2 71 73 74 6
D 78 8409 2 28 27 26 6
D 77 8407 2 21 78 29 6
D 80 8409 2 28 44 26 13
D 79 8407 2 21 80 29 13
D 76 8411 2 77 73 79 6
D 69 8387 3 15 70 45 76 51 6
D 82 7513 2 5 4 3 6
D 83 7513 2 5 12 3 13
D 81 7515 2 82 67 83 6
D 87 8405 2 22 30 24 6
D 88 8405 2 22 23 24 13
D 86 8407 2 87 25 88 6
D 89 8407 2 87 43 88 13
D 85 8411 2 86 73 89 6
D 92 8405 2 24 23 22 6
D 93 8405 2 24 30 22 13
D 91 8407 2 92 25 93 6
D 94 8407 2 92 43 93 13
D 90 8411 2 91 73 94 6
D 84 8387 3 15 85 45 90 51 6
D 96 7517 2 8 54 10 9
D 97 7513 2 5 4 3 12
D 98 7517 2 8 9 10 13
D 99 7513 2 5 12 3 6
D 95 7515 3 2 96 97 98 99 13
D 0 7519 5 1 14 52 55 65 69 81 84 95 6
