c ids of sdd nodes start at 0
c sdd nodes appear bottom-up, children before parents
c
c file syntax:
c sdd count-of-sdd-nodes
c F id-of-false-sdd-node
c T id-of-true-sdd-node
c L id-of-literal-sdd-node id-of-vtree literal
c D id-of-decomposition-sdd-node id-of-vtree number-of-elements {id-of-prime id-of-sub}*
c
sdd 100
L 3 7216 -203
L 4 7218 -204
L 5 7216 203
F 6
D 2 7217 2 3 4 5 6
L 8 7220 -205
L 9 7222 206
L 10 7220 205
D 7 7221 2 8 9 10 6
L 12 7218 204
T 13
D 11 7217 2 3 12 5 13
D 1 7219 2 2 7 11 6
L 16 7640 -227
L 17 7642 228
L 18 7640 227
D 15 7641 2 16 17 18 6
L 22 7668 -3039
L 23 7670 -3040
L 24 7668 3039
D 21 7669 2 22 23 24 6
L 26 7672 -3041
L 27 7674 -3042
L 28 7672 3041
D 25 7673 2 26 27 28 6
L 30 7670 3040
D 29 7669 2 22 30 24 13
D 20 7671 2 21 25 29 6
L 33 7676 -3043
L 34 7678 -3044
L 35 7676 3043
D 32 7677 2 33 34 35 6
L 37 7680 -3045
L 38 7682 3046
L 39 7680 3045
D 36 7681 2 37 38 39 6
L 41 7678 3044
D 40 7677 2 33 41 35 13
D 31 7679 2 32 36 40 6
L 44 7674 3042
D 43 7673 2 26 44 28 13
D 42 7671 2 21 43 29 13
D 19 7675 2 20 31 42 6
L 46 7642 -228
D 45 7641 2 18 46 16 6
D 49 7673 2 26 44 28 6
D 48 7671 2 21 49 29 6
L 52 7682 -3046
D 51 7681 2 37 52 39 6
D 50 7679 2 32 51 40 6
D 54 7673 2 26 27 28 13
D 53 7671 2 21 54 29 13
D 47 7675 2 48 50 53 6
D 55 7641 2 16 46 18 17
D 14 7643 3 15 19 45 47 55 6
L 58 7222 -206
D 57 7221 2 10 58 8 6
D 56 7219 2 2 57 11 6
D 62 7681 2 39 52 37 6
D 61 7679 2 32 62 40 6
D 60 7675 2 20 61 42 6
D 65 7673 2 28 27 26 6
D 64 7671 2 21 65 29 6
D 67 7673 2 28 44 26 13
D 66 7671 2 21 67 29 13
D 63 7675 2 64 50 66 6
D 59 7643 3 15 60 45 63 55 6
D 69 7217 2 3 12 5 6
D 70 7221 2 8 58 10 6
D 71 7217 2 3 4 5 13
D 68 7219 2 69 70 71 6
D 75 7677 2 33 41 35 6
D 76 7677 2 33 34 35 13
D 74 7679 2 75 51 76 6
D 73 7675 2 20 74 42 6
D 79 7669 2 22 30 24 6
D 80 7669 2 22 23 24 13
D 78 7671 2 79 25 80 6
D 81 7671 2 79 43 80 13
D 77 7675 2 78 50 81 6
D 72 7643 3 15 73 45 77 55 6
D 83 7217 2 5 4 3 6
D 84 7217 2 5 12 3 13
D 82 7219 2 83 70 84 6
D 88 7677 2 35 34 33 6
D 89 7677 2 35 41 33 13
D 87 7679 2 88 51 89 6
D 86 7675 2 20 87 42 6
D 92 7669 2 24 23 22 6
D 93 7669 2 24 30 22 13
D 91 7671 2 92 25 93 6
D 94 7671 2 92 43 93 13
D 90 7675 2 91 50 94 6
D 85 7643 3 15 86 45 90 55 6
D 96 7221 2 8 58 10 9
D 97 7217 2 5 4 3 12
D 98 7221 2 8 9 10 13
D 99 7217 2 5 12 3 6
D 95 7219 3 2 96 97 98 99 13
D 0 7223 5 1 14 56 59 68 72 82 85 95 6
