c ids of sdd nodes start at 0
c sdd nodes appear bottom-up, children before parents
c
c file syntax:
c sdd count-of-sdd-nodes
c F id-of-false-sdd-node
c T id-of-true-sdd-node
c L id-of-literal-sdd-node id-of-vtree literal
c D id-of-decomposition-sdd-node id-of-vtree number-of-elements {id-of-prime id-of-sub}*
c
sdd 100
L 3 216 -125
L 4 218 -126
L 5 216 125
F 6
D 2 217 2 3 4 5 6
L 8 220 -127
L 9 222 128
L 10 220 127
D 7 221 2 8 9 10 6
L 12 218 126
T 13
D 11 217 2 3 12 5 13
D 1 219 2 2 7 11 6
L 16 4368 -161
L 17 4370 162
L 18 4368 161
D 15 4369 2 16 17 18 6
L 22 4444 -3087
L 23 4446 -3088
L 24 4444 3087
D 21 4445 2 22 23 24 6
L 26 4448 -3089
L 27 4450 -3090
L 28 4448 3089
D 25 4449 2 26 27 28 6
L 30 4446 3088
D 29 4445 2 22 30 24 13
D 20 4447 2 21 25 29 6
L 33 4452 -3091
L 34 4454 -3092
L 35 4452 3091
D 32 4453 2 33 34 35 6
L 37 4456 -3093
L 38 4458 3094
L 39 4456 3093
D 36 4457 2 37 38 39 6
L 41 4454 3092
D 40 4453 2 33 41 35 13
D 31 4455 2 32 36 40 6
L 44 4450 3090
D 43 4449 2 26 44 28 13
D 42 4447 2 21 43 29 13
D 19 4451 2 20 31 42 6
L 46 4370 -162
D 45 4369 2 18 46 16 6
D 49 4449 2 26 44 28 6
D 48 4447 2 21 49 29 6
L 52 4458 -3094
D 51 4457 2 37 52 39 6
D 50 4455 2 32 51 40 6
D 54 4449 2 26 27 28 13
D 53 4447 2 21 54 29 13
D 47 4451 2 48 50 53 6
D 55 4369 2 16 46 18 17
D 14 4371 3 15 19 45 47 55 6
L 58 222 -128
D 57 221 2 10 58 8 6
D 56 219 2 2 57 11 6
D 62 4457 2 39 52 37 6
D 61 4455 2 32 62 40 6
D 60 4451 2 20 61 42 6
D 65 4449 2 28 27 26 6
D 64 4447 2 21 65 29 6
D 67 4449 2 28 44 26 13
D 66 4447 2 21 67 29 13
D 63 4451 2 64 50 66 6
D 59 4371 3 15 60 45 63 55 6
D 69 217 2 3 12 5 6
D 70 221 2 8 58 10 6
D 71 217 2 3 4 5 13
D 68 219 2 69 70 71 6
D 75 4453 2 33 41 35 6
D 76 4453 2 33 34 35 13
D 74 4455 2 75 51 76 6
D 73 4451 2 20 74 42 6
D 79 4445 2 22 30 24 6
D 80 4445 2 22 23 24 13
D 78 4447 2 79 25 80 6
D 81 4447 2 79 43 80 13
D 77 4451 2 78 50 81 6
D 72 4371 3 15 73 45 77 55 6
D 83 217 2 5 4 3 6
D 84 217 2 5 12 3 13
D 82 219 2 83 70 84 6
D 88 4453 2 35 34 33 6
D 89 4453 2 35 41 33 13
D 87 4455 2 88 51 89 6
D 86 4451 2 20 87 42 6
D 92 4445 2 24 23 22 6
D 93 4445 2 24 30 22 13
D 91 4447 2 92 25 93 6
D 94 4447 2 92 43 93 13
D 90 4451 2 91 50 94 6
D 85 4371 3 15 86 45 90 55 6
D 96 221 2 8 58 10 9
D 97 217 2 5 4 3 12
D 98 221 2 8 9 10 13
D 99 217 2 5 12 3 6
D 95 219 3 2 96 97 98 99 13
D 0 223 5 1 14 56 59 68 72 82 85 95 6
