c ids of sdd nodes start at 0
c sdd nodes appear bottom-up, children before parents
c
c file syntax:
c sdd count-of-sdd-nodes
c F id-of-false-sdd-node
c T id-of-true-sdd-node
c L id-of-literal-sdd-node id-of-vtree literal
c D id-of-decomposition-sdd-node id-of-vtree number-of-elements {id-of-prime id-of-sub}*
c
sdd 100
L 3 5256 -169
L 4 5258 -170
L 5 5256 169
F 6
D 2 5257 2 3 4 5 6
L 8 5260 -171
L 9 5262 172
L 10 5260 171
D 7 5261 2 8 9 10 6
L 12 5258 170
T 13
D 11 5257 2 3 12 5 13
D 1 5259 2 2 7 11 6
L 16 5648 -167
L 17 5650 168
L 18 5648 167
D 15 5649 2 16 17 18 6
L 22 5748 -3103
L 23 5750 -3104
L 24 5748 3103
D 21 5749 2 22 23 24 6
L 26 5752 -3105
L 27 5754 -3106
L 28 5752 3105
D 25 5753 2 26 27 28 6
L 30 5750 3104
D 29 5749 2 22 30 24 13
D 20 5751 2 21 25 29 6
L 33 5756 -3107
L 34 5758 -3108
L 35 5756 3107
D 32 5757 2 33 34 35 6
L 37 5760 -3109
L 38 5762 3110
L 39 5760 3109
D 36 5761 2 37 38 39 6
L 41 5758 3108
D 40 5757 2 33 41 35 13
D 31 5759 2 32 36 40 6
L 44 5754 3106
D 43 5753 2 26 44 28 13
D 42 5751 2 21 43 29 13
D 19 5755 2 20 31 42 6
L 46 5650 -168
D 45 5649 2 18 46 16 6
D 49 5753 2 26 44 28 6
D 48 5751 2 21 49 29 6
L 52 5762 -3110
D 51 5761 2 37 52 39 6
D 50 5759 2 32 51 40 6
D 54 5753 2 26 27 28 13
D 53 5751 2 21 54 29 13
D 47 5755 2 48 50 53 6
D 55 5649 2 16 46 18 17
D 14 5651 3 15 19 45 47 55 6
L 58 5262 -172
D 57 5261 2 10 58 8 6
D 56 5259 2 2 57 11 6
D 62 5761 2 39 52 37 6
D 61 5759 2 32 62 40 6
D 60 5755 2 20 61 42 6
D 65 5753 2 28 27 26 6
D 64 5751 2 21 65 29 6
D 67 5753 2 28 44 26 13
D 66 5751 2 21 67 29 13
D 63 5755 2 64 50 66 6
D 59 5651 3 15 60 45 63 55 6
D 69 5257 2 3 12 5 6
D 70 5261 2 8 58 10 6
D 71 5257 2 3 4 5 13
D 68 5259 2 69 70 71 6
D 75 5757 2 33 41 35 6
D 76 5757 2 33 34 35 13
D 74 5759 2 75 51 76 6
D 73 5755 2 20 74 42 6
D 79 5749 2 22 30 24 6
D 80 5749 2 22 23 24 13
D 78 5751 2 79 25 80 6
D 81 5751 2 79 43 80 13
D 77 5755 2 78 50 81 6
D 72 5651 3 15 73 45 77 55 6
D 83 5257 2 5 4 3 6
D 84 5257 2 5 12 3 13
D 82 5259 2 83 70 84 6
D 88 5757 2 35 34 33 6
D 89 5757 2 35 41 33 13
D 87 5759 2 88 51 89 6
D 86 5755 2 20 87 42 6
D 92 5749 2 24 23 22 6
D 93 5749 2 24 30 22 13
D 91 5751 2 92 25 93 6
D 94 5751 2 92 43 93 13
D 90 5755 2 91 50 94 6
D 85 5651 3 15 86 45 90 55 6
D 96 5261 2 8 58 10 9
D 97 5257 2 5 4 3 12
D 98 5261 2 8 9 10 13
D 99 5257 2 5 12 3 6
D 95 5259 3 2 96 97 98 99 13
D 0 5263 5 1 14 56 59 68 72 82 85 95 6
