c ids of sdd nodes start at 0
c sdd nodes appear bottom-up, children before parents
c
c file syntax:
c sdd count-of-sdd-nodes
c F id-of-false-sdd-node
c T id-of-true-sdd-node
c L id-of-literal-sdd-node id-of-vtree literal
c D id-of-decomposition-sdd-node id-of-vtree number-of-elements {id-of-prime id-of-sub}*
c
sdd 98
L 2 7640 -227
L 3 7642 228
L 4 7640 227
F 5
D 1 7641 2 2 3 4 5
L 9 9288 -255
L 10 9290 -256
L 11 9288 255
D 8 9289 2 9 10 11 5
L 13 9292 -257
L 14 9294 258
L 15 9292 257
D 12 9293 2 13 14 15 5
L 17 9290 256
T 18
D 16 9289 2 9 17 11 18
D 7 9291 2 8 12 16 5
L 22 9504 -3175
L 23 9506 -3176
L 24 9504 3175
D 21 9505 2 22 23 24 5
L 26 9508 -3177
L 27 9510 -3178
L 28 9508 3177
D 25 9509 2 26 27 28 5
L 30 9506 3176
D 29 9505 2 22 30 24 18
D 20 9507 2 21 25 29 5
L 33 9512 -3179
L 34 9514 -3180
L 35 9512 3179
D 32 9513 2 33 34 35 5
L 37 9516 -3181
L 38 9518 3182
L 39 9516 3181
D 36 9517 2 37 38 39 5
L 41 9514 3180
D 40 9513 2 33 41 35 18
D 31 9515 2 32 36 40 5
L 44 9510 3178
D 43 9509 2 26 44 28 18
D 42 9507 2 21 43 29 18
D 19 9511 2 20 31 42 5
L 47 9294 -258
D 46 9293 2 15 47 13 5
D 45 9291 2 8 46 16 5
L 51 9518 -3182
D 50 9517 2 39 51 37 5
D 49 9515 2 32 50 40 5
D 48 9511 2 20 49 42 5
D 53 9289 2 9 17 11 5
D 54 9293 2 13 47 15 5
D 55 9289 2 9 10 11 18
D 52 9291 2 53 54 55 5
D 58 9513 2 33 41 35 5
D 59 9517 2 37 51 39 5
D 60 9513 2 33 34 35 18
D 57 9515 2 58 59 60 5
D 56 9511 2 20 57 42 5
D 62 9289 2 11 10 9 5
D 63 9289 2 11 17 9 18
D 61 9291 2 62 54 63 5
D 66 9513 2 35 34 33 5
D 67 9513 2 35 41 33 18
D 65 9515 2 66 59 67 5
D 64 9511 2 20 65 42 5
D 69 9293 2 13 47 15 14
D 70 9289 2 11 10 9 17
D 71 9293 2 13 14 15 18
D 72 9289 2 11 17 9 5
D 68 9291 3 8 69 70 71 72 18
D 6 9295 5 7 19 45 48 52 56 61 64 68 5
L 74 7642 -228
D 73 7641 2 4 74 2 5
D 78 9509 2 26 44 28 5
D 77 9507 2 21 78 29 5
D 79 9515 2 32 59 40 5
D 81 9509 2 26 27 28 18
D 80 9507 2 21 81 29 18
D 76 9511 2 77 79 80 5
D 84 9509 2 28 27 26 5
D 83 9507 2 21 84 29 5
D 86 9509 2 28 44 26 18
D 85 9507 2 21 86 29 18
D 82 9511 2 83 79 85 5
D 89 9505 2 22 30 24 5
D 90 9505 2 22 23 24 18
D 88 9507 2 89 25 90 5
D 91 9507 2 89 43 90 18
D 87 9511 2 88 79 91 5
D 94 9505 2 24 23 22 5
D 95 9505 2 24 30 22 18
D 93 9507 2 94 25 95 5
D 96 9507 2 94 43 95 18
D 92 9511 2 93 79 96 5
D 75 9295 5 7 76 45 82 52 87 61 92 68 5
D 97 7641 2 2 74 4 3
D 0 7643 3 1 6 73 75 97 5
