c ids of sdd nodes start at 0
c sdd nodes appear bottom-up, children before parents
c
c file syntax:
c sdd count-of-sdd-nodes
c F id-of-false-sdd-node
c T id-of-true-sdd-node
c L id-of-literal-sdd-node id-of-vtree literal
c D id-of-decomposition-sdd-node id-of-vtree number-of-elements {id-of-prime id-of-sub}*
c
sdd 100
L 3 2536 -55
L 4 2538 -56
L 5 2536 55
F 6
D 2 2537 2 3 4 5 6
L 8 2540 -57
L 9 2542 58
L 10 2540 57
D 7 2541 2 8 9 10 6
L 12 2538 56
T 13
D 11 2537 2 3 12 5 13
D 1 2539 2 2 7 11 6
L 16 3232 -43
L 17 3234 44
L 18 3232 43
D 15 3233 2 16 17 18 6
L 22 3252 -579
L 23 3254 -580
L 24 3252 579
D 21 3253 2 22 23 24 6
L 26 3256 -581
L 27 3258 -582
L 28 3256 581
D 25 3257 2 26 27 28 6
L 30 3254 580
D 29 3253 2 22 30 24 13
D 20 3255 2 21 25 29 6
L 33 3260 -583
L 34 3262 -584
L 35 3260 583
D 32 3261 2 33 34 35 6
L 37 3264 -585
L 38 3266 586
L 39 3264 585
D 36 3265 2 37 38 39 6
L 41 3262 584
D 40 3261 2 33 41 35 13
D 31 3263 2 32 36 40 6
L 44 3258 582
D 43 3257 2 26 44 28 13
D 42 3255 2 21 43 29 13
D 19 3259 2 20 31 42 6
L 46 3234 -44
D 45 3233 2 18 46 16 6
L 50 3266 -586
D 49 3265 2 39 50 37 6
D 48 3263 2 32 49 40 6
D 47 3259 2 20 48 42 6
D 51 3233 2 16 46 18 17
D 14 3235 3 15 19 45 47 51 6
L 54 2542 -58
D 53 2541 2 10 54 8 6
D 52 2539 2 2 53 11 6
D 58 3261 2 33 41 35 6
D 59 3265 2 37 50 39 6
D 60 3261 2 33 34 35 13
D 57 3263 2 58 59 60 6
D 56 3259 2 20 57 42 6
D 63 3261 2 35 34 33 6
D 64 3261 2 35 41 33 13
D 62 3263 2 63 59 64 6
D 61 3259 2 20 62 42 6
D 55 3235 3 15 56 45 61 51 6
D 66 2537 2 3 12 5 6
D 67 2541 2 8 54 10 6
D 68 2537 2 3 4 5 13
D 65 2539 2 66 67 68 6
D 72 3257 2 26 44 28 6
D 71 3255 2 21 72 29 6
D 73 3263 2 32 59 40 6
D 75 3257 2 26 27 28 13
D 74 3255 2 21 75 29 13
D 70 3259 2 71 73 74 6
D 78 3257 2 28 27 26 6
D 77 3255 2 21 78 29 6
D 80 3257 2 28 44 26 13
D 79 3255 2 21 80 29 13
D 76 3259 2 77 73 79 6
D 69 3235 3 15 70 45 76 51 6
D 82 2537 2 5 4 3 6
D 83 2537 2 5 12 3 13
D 81 2539 2 82 67 83 6
D 87 3253 2 22 30 24 6
D 88 3253 2 22 23 24 13
D 86 3255 2 87 25 88 6
D 89 3255 2 87 43 88 13
D 85 3259 2 86 73 89 6
D 92 3253 2 24 23 22 6
D 93 3253 2 24 30 22 13
D 91 3255 2 92 25 93 6
D 94 3255 2 92 43 93 13
D 90 3259 2 91 73 94 6
D 84 3235 3 15 85 45 90 51 6
D 96 2541 2 8 54 10 9
D 97 2537 2 5 4 3 12
D 98 2541 2 8 9 10 13
D 99 2537 2 5 12 3 6
D 95 2539 3 2 96 97 98 99 13
D 0 2543 5 1 14 52 55 65 69 81 84 95 6
