c ids of sdd nodes start at 0
c sdd nodes appear bottom-up, children before parents
c
c file syntax:
c sdd count-of-sdd-nodes
c F id-of-false-sdd-node
c T id-of-true-sdd-node
c L id-of-literal-sdd-node id-of-vtree literal
c D id-of-decomposition-sdd-node id-of-vtree number-of-elements {id-of-prime id-of-sub}*
c
sdd 98
L 2 0 -165
L 3 2 166
L 4 0 165
F 5
D 1 1 2 2 3 4 5
L 9 216 -125
L 10 218 -126
L 11 216 125
D 8 217 2 9 10 11 5
L 13 220 -127
L 14 222 128
L 15 220 127
D 12 221 2 13 14 15 5
L 17 218 126
T 18
D 16 217 2 9 17 11 18
D 7 219 2 8 12 16 5
L 22 320 -3299
L 23 322 -3300
L 24 320 3299
D 21 321 2 22 23 24 5
L 26 324 -3301
L 27 326 -3302
L 28 324 3301
D 25 325 2 26 27 28 5
L 30 322 3300
D 29 321 2 22 30 24 18
D 20 323 2 21 25 29 5
L 33 328 -3303
L 34 330 -3304
L 35 328 3303
D 32 329 2 33 34 35 5
L 37 332 -3305
L 38 334 3306
L 39 332 3305
D 36 333 2 37 38 39 5
L 41 330 3304
D 40 329 2 33 41 35 18
D 31 331 2 32 36 40 5
L 44 326 3302
D 43 325 2 26 44 28 18
D 42 323 2 21 43 29 18
D 19 327 2 20 31 42 5
L 47 222 -128
D 46 221 2 15 47 13 5
D 45 219 2 8 46 16 5
D 50 329 2 33 41 35 5
L 52 334 -3306
D 51 333 2 37 52 39 5
D 53 329 2 33 34 35 18
D 49 331 2 50 51 53 5
D 48 327 2 20 49 42 5
D 55 217 2 9 17 11 5
D 56 221 2 13 47 15 5
D 57 217 2 9 10 11 18
D 54 219 2 55 56 57 5
D 60 325 2 26 44 28 5
D 59 323 2 21 60 29 5
D 61 331 2 32 51 40 5
D 63 325 2 26 27 28 18
D 62 323 2 21 63 29 18
D 58 327 2 59 61 62 5
D 65 217 2 11 10 9 5
D 66 217 2 11 17 9 18
D 64 219 2 65 56 66 5
D 69 321 2 22 30 24 5
D 70 321 2 22 23 24 18
D 68 323 2 69 25 70 5
D 71 323 2 69 43 70 18
D 67 327 2 68 61 71 5
D 73 221 2 13 47 15 14
D 74 217 2 11 10 9 17
D 75 221 2 13 14 15 18
D 76 217 2 11 17 9 5
D 72 219 3 8 73 74 75 76 18
D 6 223 5 7 19 45 48 54 58 64 67 72 5
L 78 2 -166
D 77 1 2 4 78 2 5
D 82 333 2 39 52 37 5
D 81 331 2 32 82 40 5
D 80 327 2 20 81 42 5
D 85 329 2 35 34 33 5
D 86 329 2 35 41 33 18
D 84 331 2 85 51 86 5
D 83 327 2 20 84 42 5
D 89 325 2 28 27 26 5
D 88 323 2 21 89 29 5
D 91 325 2 28 44 26 18
D 90 323 2 21 91 29 18
D 87 327 2 88 61 90 5
D 94 321 2 24 23 22 5
D 95 321 2 24 30 22 18
D 93 323 2 94 25 95 5
D 96 323 2 94 43 95 18
D 92 327 2 93 61 96 5
D 79 223 5 7 80 45 83 54 87 64 92 72 5
D 97 1 2 2 78 4 3
D 0 3 3 1 6 77 79 97 5
