c ids of sdd nodes start at 0
c sdd nodes appear bottom-up, children before parents
c
c file syntax:
c sdd count-of-sdd-nodes
c F id-of-false-sdd-node
c T id-of-true-sdd-node
c L id-of-literal-sdd-node id-of-vtree literal
c D id-of-decomposition-sdd-node id-of-vtree number-of-elements {id-of-prime id-of-sub}*
c
sdd 214
L 3 6864 -199
L 4 6866 -200
L 5 6864 199
F 6
D 2 6865 2 3 4 5 6
L 8 6868 -201
L 9 6870 202
L 10 6868 201
D 7 6869 2 8 9 10 6
L 12 6866 200
T 13
D 11 6865 2 3 12 5 13
D 1 6867 2 2 7 11 6
L 17 7088 -211
L 18 7090 -212
L 19 7088 211
D 16 7089 2 17 18 19 6
L 21 7092 -213
L 22 7094 214
L 23 7092 213
D 20 7093 2 21 22 23 6
L 25 7090 212
D 24 7089 2 17 25 19 13
D 15 7091 2 16 20 24 6
L 30 7096 -3307
L 31 7098 -3308
L 32 7096 3307
D 29 7097 2 30 31 32 6
L 34 7100 -3309
L 35 7102 -3310
L 36 7100 3309
D 33 7101 2 34 35 36 6
L 38 7098 3308
D 37 7097 2 30 38 32 13
D 28 7099 2 29 33 37 6
L 41 7104 -3311
L 42 7106 -3312
L 43 7104 3311
D 40 7105 2 41 42 43 6
L 45 7108 -3313
L 46 7110 -3314
L 47 7108 3313
D 44 7109 2 45 46 47 6
L 49 7106 3312
D 48 7105 2 41 49 43 13
D 39 7107 2 40 44 48 6
L 52 7102 3310
D 51 7101 2 34 52 36 13
D 50 7099 2 29 51 37 13
D 27 7103 2 28 39 50 6
L 56 7112 -3315
L 57 7114 -3316
L 58 7112 3315
D 55 7113 2 56 57 58 6
L 60 7116 -3317
L 61 7118 -3318
L 62 7116 3317
D 59 7117 2 60 61 62 6
L 64 7114 3316
D 63 7113 2 56 64 58 13
D 54 7115 2 55 59 63 6
L 67 7120 -3319
L 68 7122 -3320
L 69 7120 3319
D 66 7121 2 67 68 69 6
L 71 7124 -3321
L 72 7126 3322
L 73 7124 3321
D 70 7125 2 71 72 73 6
L 75 7122 3320
D 74 7121 2 67 75 69 13
D 65 7123 2 66 70 74 6
L 78 7118 3318
D 77 7117 2 60 78 62 13
D 76 7115 2 55 77 63 13
D 53 7119 2 54 65 76 6
L 82 7110 3314
D 81 7109 2 45 82 47 13
D 80 7107 2 40 81 48 13
D 79 7103 2 28 80 50 13
D 26 7111 2 27 53 79 6
L 85 7094 -214
D 84 7093 2 23 85 21 6
D 83 7091 2 16 84 24 6
D 89 7117 2 60 78 62 6
D 88 7115 2 55 89 63 6
L 92 7126 -3322
D 91 7125 2 71 92 73 6
D 90 7123 2 66 91 74 6
D 94 7117 2 60 61 62 13
D 93 7115 2 55 94 63 13
D 87 7119 2 88 90 93 6
D 86 7111 2 27 87 79 6
D 96 7089 2 17 25 19 6
D 97 7093 2 21 85 23 6
D 98 7089 2 17 18 19 13
D 95 7091 2 96 97 98 6
D 102 7109 2 45 82 47 6
D 101 7107 2 40 102 48 6
D 100 7103 2 28 101 50 6
D 103 7119 2 54 90 76 6
D 106 7109 2 45 46 47 13
D 105 7107 2 40 106 48 13
D 104 7103 2 28 105 50 13
D 99 7111 2 100 103 104 6
D 108 7089 2 19 18 17 6
D 109 7089 2 19 25 17 13
D 107 7091 2 108 97 109 6
D 113 7101 2 34 52 36 6
D 112 7099 2 29 113 37 6
D 115 7101 2 34 35 36 13
D 114 7099 2 29 115 37 13
D 111 7103 2 112 39 114 6
D 116 7103 2 112 80 114 13
D 110 7111 2 111 103 116 6
D 118 7093 2 21 85 23 22
D 119 7089 2 19 18 17 25
D 120 7093 2 21 22 23 13
D 121 7089 2 19 25 17 6
D 117 7091 3 16 118 119 120 121 13
D 14 7095 5 15 26 83 86 95 99 107 110 117 6
L 124 6870 -202
D 123 6869 2 10 124 8 6
D 122 6867 2 2 123 11 6
D 129 7125 2 73 92 71 6
D 128 7123 2 66 129 74 6
D 127 7119 2 54 128 76 6
D 126 7111 2 27 127 79 6
D 133 7117 2 62 61 60 6
D 132 7115 2 55 133 63 6
D 135 7117 2 62 78 60 13
D 134 7115 2 55 135 63 13
D 131 7119 2 132 90 134 6
D 130 7111 2 27 131 79 6
D 139 7109 2 47 46 45 6
D 138 7107 2 40 139 48 6
D 137 7103 2 28 138 50 6
D 142 7109 2 47 82 45 13
D 141 7107 2 40 142 48 13
D 140 7103 2 28 141 50 13
D 136 7111 2 137 103 140 6
D 146 7101 2 36 35 34 6
D 145 7099 2 29 146 37 6
D 148 7101 2 36 52 34 13
D 147 7099 2 29 148 37 13
D 144 7103 2 145 39 147 6
D 149 7103 2 145 80 147 13
D 143 7111 2 144 103 149 6
D 125 7095 5 15 126 83 130 95 136 107 143 117 6
D 151 6865 2 3 12 5 6
D 152 6869 2 8 124 10 6
D 153 6865 2 3 4 5 13
D 150 6867 2 151 152 153 6
D 158 7121 2 67 75 69 6
D 159 7121 2 67 68 69 13
D 157 7123 2 158 91 159 6
D 156 7119 2 54 157 76 6
D 155 7111 2 27 156 79 6
D 163 7113 2 56 64 58 6
D 164 7113 2 56 57 58 13
D 162 7115 2 163 59 164 6
D 165 7115 2 163 77 164 13
D 161 7119 2 162 90 165 6
D 160 7111 2 27 161 79 6
D 169 7105 2 41 49 43 6
D 170 7105 2 41 42 43 13
D 168 7107 2 169 44 170 6
D 167 7103 2 28 168 50 6
D 172 7107 2 169 81 170 13
D 171 7103 2 28 172 50 13
D 166 7111 2 167 103 171 6
D 176 7097 2 30 38 32 6
D 177 7097 2 30 31 32 13
D 175 7099 2 176 33 177 6
D 178 7099 2 176 51 177 13
D 174 7103 2 175 39 178 6
D 179 7103 2 175 80 178 13
D 173 7111 2 174 103 179 6
D 154 7095 5 15 155 83 160 95 166 107 173 117 6
D 181 6865 2 5 4 3 6
D 182 6865 2 5 12 3 13
D 180 6867 2 181 152 182 6
D 187 7121 2 69 68 67 6
D 188 7121 2 69 75 67 13
D 186 7123 2 187 91 188 6
D 185 7119 2 54 186 76 6
D 184 7111 2 27 185 79 6
D 192 7113 2 58 57 56 6
D 193 7113 2 58 64 56 13
D 191 7115 2 192 59 193 6
D 194 7115 2 192 77 193 13
D 190 7119 2 191 90 194 6
D 189 7111 2 27 190 79 6
D 198 7105 2 43 42 41 6
D 199 7105 2 43 49 41 13
D 197 7107 2 198 44 199 6
D 196 7103 2 28 197 50 6
D 201 7107 2 198 81 199 13
D 200 7103 2 28 201 50 13
D 195 7111 2 196 103 200 6
D 205 7097 2 32 31 30 6
D 206 7097 2 32 38 30 13
D 204 7099 2 205 33 206 6
D 207 7099 2 205 51 206 13
D 203 7103 2 204 39 207 6
D 208 7103 2 204 80 207 13
D 202 7111 2 203 103 208 6
D 183 7095 5 15 184 83 189 95 195 107 202 117 6
D 210 6869 2 8 124 10 9
D 211 6865 2 5 4 3 12
D 212 6869 2 8 9 10 13
D 213 6865 2 5 12 3 6
D 209 6867 3 2 210 211 212 213 13
D 0 6871 5 1 14 122 125 150 154 180 183 209 6
