c ids of sdd nodes start at 0
c sdd nodes appear bottom-up, children before parents
c
c file syntax:
c sdd count-of-sdd-nodes
c F id-of-false-sdd-node
c T id-of-true-sdd-node
c L id-of-literal-sdd-node id-of-vtree literal
c D id-of-decomposition-sdd-node id-of-vtree number-of-elements {id-of-prime id-of-sub}*
c
sdd 210
L 3 1048 -145
L 4 1050 -146
L 5 1048 145
F 6
D 2 1049 2 3 4 5 6
L 8 1052 -147
L 9 1054 148
L 10 1052 147
D 7 1053 2 8 9 10 6
L 12 1050 146
T 13
D 11 1049 2 3 12 5 13
D 1 1051 2 2 7 11 6
L 16 6232 -179
L 17 6234 180
L 18 6232 179
D 15 6233 2 16 17 18 6
L 21 6408 -103
L 22 6410 104
L 23 6408 103
D 20 6409 2 21 22 23 6
L 28 6516 -3375
L 29 6518 -3376
L 30 6516 3375
D 27 6517 2 28 29 30 6
L 32 6520 -3377
L 33 6522 -3378
L 34 6520 3377
D 31 6521 2 32 33 34 6
L 36 6518 3376
D 35 6517 2 28 36 30 13
D 26 6519 2 27 31 35 6
L 39 6524 -3379
L 40 6526 -3380
L 41 6524 3379
D 38 6525 2 39 40 41 6
L 43 6528 -3381
L 44 6530 -3382
L 45 6528 3381
D 42 6529 2 43 44 45 6
L 47 6526 3380
D 46 6525 2 39 47 41 13
D 37 6527 2 38 42 46 6
L 50 6522 3378
D 49 6521 2 32 50 34 13
D 48 6519 2 27 49 35 13
D 25 6523 2 26 37 48 6
L 54 6532 -3383
L 55 6534 -3384
L 56 6532 3383
D 53 6533 2 54 55 56 6
L 58 6536 -3385
L 59 6538 -3386
L 60 6536 3385
D 57 6537 2 58 59 60 6
L 62 6534 3384
D 61 6533 2 54 62 56 13
D 52 6535 2 53 57 61 6
L 65 6540 -3387
L 66 6542 -3388
L 67 6540 3387
D 64 6541 2 65 66 67 6
L 69 6544 -3389
L 70 6546 3390
L 71 6544 3389
D 68 6545 2 69 70 71 6
L 73 6542 3388
D 72 6541 2 65 73 67 13
D 63 6543 2 64 68 72 6
L 76 6538 3386
D 75 6537 2 58 76 60 13
D 74 6535 2 53 75 61 13
D 51 6539 2 52 63 74 6
L 80 6530 3382
D 79 6529 2 43 80 45 13
D 78 6527 2 38 79 46 13
D 77 6523 2 26 78 48 13
D 24 6531 2 25 51 77 6
L 82 6410 -104
D 81 6409 2 23 82 21 6
D 86 6529 2 43 80 45 6
D 85 6527 2 38 86 46 6
D 84 6523 2 26 85 48 6
L 90 6546 -3390
D 89 6545 2 69 90 71 6
D 88 6543 2 64 89 72 6
D 87 6539 2 52 88 74 6
D 93 6529 2 43 44 45 13
D 92 6527 2 38 93 46 13
D 91 6523 2 26 92 48 13
D 83 6531 2 84 87 91 6
D 94 6409 2 21 82 23 22
D 19 6411 3 20 24 81 83 94 6
L 96 6234 -180
D 95 6233 2 18 96 16 6
D 101 6537 2 58 76 60 6
D 100 6535 2 53 101 61 6
D 103 6537 2 58 59 60 13
D 102 6535 2 53 103 61 13
D 99 6539 2 100 88 102 6
D 98 6531 2 25 99 77 6
D 107 6521 2 32 50 34 6
D 106 6519 2 27 107 35 6
D 109 6521 2 32 33 34 13
D 108 6519 2 27 109 35 13
D 105 6523 2 106 37 108 6
D 110 6523 2 106 78 108 13
D 104 6531 2 105 87 110 6
D 97 6411 3 20 98 81 104 94 6
D 111 6233 2 16 96 18 17
D 14 6235 3 15 19 95 97 111 6
L 114 1054 -148
D 113 1053 2 10 114 8 6
D 112 1051 2 2 113 11 6
D 120 6545 2 71 90 69 6
D 119 6543 2 64 120 72 6
D 118 6539 2 52 119 74 6
D 117 6531 2 25 118 77 6
D 124 6529 2 45 44 43 6
D 123 6527 2 38 124 46 6
D 122 6523 2 26 123 48 6
D 127 6529 2 45 80 43 13
D 126 6527 2 38 127 46 13
D 125 6523 2 26 126 48 13
D 121 6531 2 122 87 125 6
D 116 6411 3 20 117 81 121 94 6
D 132 6537 2 60 59 58 6
D 131 6535 2 53 132 61 6
D 134 6537 2 60 76 58 13
D 133 6535 2 53 134 61 13
D 130 6539 2 131 88 133 6
D 129 6531 2 25 130 77 6
D 138 6521 2 34 33 32 6
D 137 6519 2 27 138 35 6
D 140 6521 2 34 50 32 13
D 139 6519 2 27 140 35 13
D 136 6523 2 137 37 139 6
D 141 6523 2 137 78 139 13
D 135 6531 2 136 87 141 6
D 128 6411 3 20 129 81 135 94 6
D 115 6235 3 15 116 95 128 111 6
D 143 1049 2 3 12 5 6
D 144 1053 2 8 114 10 6
D 145 1049 2 3 4 5 13
D 142 1051 2 143 144 145 6
D 151 6541 2 65 73 67 6
D 152 6541 2 65 66 67 13
D 150 6543 2 151 89 152 6
D 149 6539 2 52 150 74 6
D 148 6531 2 25 149 77 6
D 156 6525 2 39 47 41 6
D 157 6525 2 39 40 41 13
D 155 6527 2 156 42 157 6
D 154 6523 2 26 155 48 6
D 159 6527 2 156 79 157 13
D 158 6523 2 26 159 48 13
D 153 6531 2 154 87 158 6
D 147 6411 3 20 148 81 153 94 6
D 164 6533 2 54 62 56 6
D 165 6533 2 54 55 56 13
D 163 6535 2 164 57 165 6
D 166 6535 2 164 75 165 13
D 162 6539 2 163 88 166 6
D 161 6531 2 25 162 77 6
D 170 6517 2 28 36 30 6
D 171 6517 2 28 29 30 13
D 169 6519 2 170 31 171 6
D 172 6519 2 170 49 171 13
D 168 6523 2 169 37 172 6
D 173 6523 2 169 78 172 13
D 167 6531 2 168 87 173 6
D 160 6411 3 20 161 81 167 94 6
D 146 6235 3 15 147 95 160 111 6
D 175 1049 2 5 4 3 6
D 176 1049 2 5 12 3 13
D 174 1051 2 175 144 176 6
D 182 6541 2 67 66 65 6
D 183 6541 2 67 73 65 13
D 181 6543 2 182 89 183 6
D 180 6539 2 52 181 74 6
D 179 6531 2 25 180 77 6
D 187 6525 2 41 40 39 6
D 188 6525 2 41 47 39 13
D 186 6527 2 187 42 188 6
D 185 6523 2 26 186 48 6
D 190 6527 2 187 79 188 13
D 189 6523 2 26 190 48 13
D 184 6531 2 185 87 189 6
D 178 6411 3 20 179 81 184 94 6
D 195 6533 2 56 55 54 6
D 196 6533 2 56 62 54 13
D 194 6535 2 195 57 196 6
D 197 6535 2 195 75 196 13
D 193 6539 2 194 88 197 6
D 192 6531 2 25 193 77 6
D 201 6517 2 30 29 28 6
D 202 6517 2 30 36 28 13
D 200 6519 2 201 31 202 6
D 203 6519 2 201 49 202 13
D 199 6523 2 200 37 203 6
D 204 6523 2 200 78 203 13
D 198 6531 2 199 87 204 6
D 191 6411 3 20 192 81 198 94 6
D 177 6235 3 15 178 95 191 111 6
D 206 1053 2 8 114 10 9
D 207 1049 2 5 4 3 12
D 208 1053 2 8 9 10 13
D 209 1049 2 5 12 3 6
D 205 1051 3 2 206 207 208 209 13
D 0 1055 5 1 14 112 115 142 146 174 177 205 6
