c ids of sdd nodes start at 0
c sdd nodes appear bottom-up, children before parents
c
c file syntax:
c sdd count-of-sdd-nodes
c F id-of-false-sdd-node
c T id-of-true-sdd-node
c L id-of-literal-sdd-node id-of-vtree literal
c D id-of-decomposition-sdd-node id-of-vtree number-of-elements {id-of-prime id-of-sub}*
c
sdd 100
L 3 2440 -29
L 4 2442 -30
L 5 2440 29
F 6
D 2 2441 2 3 4 5 6
L 8 2444 -31
L 9 2446 32
L 10 2444 31
D 7 2445 2 8 9 10 6
L 12 2442 30
T 13
D 11 2441 2 3 12 5 13
D 1 2443 2 2 7 11 6
L 16 3112 -19
L 17 3114 20
L 18 3112 19
D 15 3113 2 16 17 18 6
L 22 3148 -3415
L 23 3150 -3416
L 24 3148 3415
D 21 3149 2 22 23 24 6
L 26 3152 -3417
L 27 3154 -3418
L 28 3152 3417
D 25 3153 2 26 27 28 6
L 30 3150 3416
D 29 3149 2 22 30 24 13
D 20 3151 2 21 25 29 6
L 33 3156 -3419
L 34 3158 -3420
L 35 3156 3419
D 32 3157 2 33 34 35 6
L 37 3160 -3421
L 38 3162 3422
L 39 3160 3421
D 36 3161 2 37 38 39 6
L 41 3158 3420
D 40 3157 2 33 41 35 13
D 31 3159 2 32 36 40 6
L 44 3154 3418
D 43 3153 2 26 44 28 13
D 42 3151 2 21 43 29 13
D 19 3155 2 20 31 42 6
L 46 3114 -20
D 45 3113 2 18 46 16 6
D 49 3153 2 26 44 28 6
D 48 3151 2 21 49 29 6
L 52 3162 -3422
D 51 3161 2 37 52 39 6
D 50 3159 2 32 51 40 6
D 54 3153 2 26 27 28 13
D 53 3151 2 21 54 29 13
D 47 3155 2 48 50 53 6
D 55 3113 2 16 46 18 17
D 14 3115 3 15 19 45 47 55 6
L 58 2446 -32
D 57 2445 2 10 58 8 6
D 56 2443 2 2 57 11 6
D 62 3161 2 39 52 37 6
D 61 3159 2 32 62 40 6
D 60 3155 2 20 61 42 6
D 65 3153 2 28 27 26 6
D 64 3151 2 21 65 29 6
D 67 3153 2 28 44 26 13
D 66 3151 2 21 67 29 13
D 63 3155 2 64 50 66 6
D 59 3115 3 15 60 45 63 55 6
D 69 2441 2 3 12 5 6
D 70 2445 2 8 58 10 6
D 71 2441 2 3 4 5 13
D 68 2443 2 69 70 71 6
D 75 3157 2 33 41 35 6
D 76 3157 2 33 34 35 13
D 74 3159 2 75 51 76 6
D 73 3155 2 20 74 42 6
D 79 3149 2 22 30 24 6
D 80 3149 2 22 23 24 13
D 78 3151 2 79 25 80 6
D 81 3151 2 79 43 80 13
D 77 3155 2 78 50 81 6
D 72 3115 3 15 73 45 77 55 6
D 83 2441 2 5 4 3 6
D 84 2441 2 5 12 3 13
D 82 2443 2 83 70 84 6
D 88 3157 2 35 34 33 6
D 89 3157 2 35 41 33 13
D 87 3159 2 88 51 89 6
D 86 3155 2 20 87 42 6
D 92 3149 2 24 23 22 6
D 93 3149 2 24 30 22 13
D 91 3151 2 92 25 93 6
D 94 3151 2 92 43 93 13
D 90 3155 2 91 50 94 6
D 85 3115 3 15 86 45 90 55 6
D 96 2445 2 8 58 10 9
D 97 2441 2 5 4 3 12
D 98 2445 2 8 9 10 13
D 99 2441 2 5 12 3 6
D 95 2443 3 2 96 97 98 99 13
D 0 2447 5 1 14 56 59 68 72 82 85 95 6
