c ids of sdd nodes start at 0
c sdd nodes appear bottom-up, children before parents
c
c file syntax:
c sdd count-of-sdd-nodes
c F id-of-false-sdd-node
c T id-of-true-sdd-node
c L id-of-literal-sdd-node id-of-vtree literal
c D id-of-decomposition-sdd-node id-of-vtree number-of-elements {id-of-prime id-of-sub}*
c
sdd 98
L 2 2336 -39
L 3 2338 40
L 4 2336 39
F 5
D 1 2337 2 2 3 4 5
L 9 2952 -51
L 10 2954 -52
L 11 2952 51
D 8 2953 2 9 10 11 5
L 13 2956 -53
L 14 2958 54
L 15 2956 53
D 12 2957 2 13 14 15 5
L 17 2954 52
T 18
D 16 2953 2 9 17 11 18
D 7 2955 2 8 12 16 5
L 22 3040 -3467
L 23 3042 -3468
L 24 3040 3467
D 21 3041 2 22 23 24 5
L 26 3044 -3469
L 27 3046 -3470
L 28 3044 3469
D 25 3045 2 26 27 28 5
L 30 3042 3468
D 29 3041 2 22 30 24 18
D 20 3043 2 21 25 29 5
L 33 3048 -3471
L 34 3050 -3472
L 35 3048 3471
D 32 3049 2 33 34 35 5
L 37 3052 -3473
L 38 3054 3474
L 39 3052 3473
D 36 3053 2 37 38 39 5
L 41 3050 3472
D 40 3049 2 33 41 35 18
D 31 3051 2 32 36 40 5
L 44 3046 3470
D 43 3045 2 26 44 28 18
D 42 3043 2 21 43 29 18
D 19 3047 2 20 31 42 5
L 47 2958 -54
D 46 2957 2 15 47 13 5
D 45 2955 2 8 46 16 5
L 51 3054 -3474
D 50 3053 2 39 51 37 5
D 49 3051 2 32 50 40 5
D 48 3047 2 20 49 42 5
D 53 2953 2 9 17 11 5
D 54 2957 2 13 47 15 5
D 55 2953 2 9 10 11 18
D 52 2955 2 53 54 55 5
D 58 3049 2 33 41 35 5
D 59 3053 2 37 51 39 5
D 60 3049 2 33 34 35 18
D 57 3051 2 58 59 60 5
D 56 3047 2 20 57 42 5
D 62 2953 2 11 10 9 5
D 63 2953 2 11 17 9 18
D 61 2955 2 62 54 63 5
D 66 3049 2 35 34 33 5
D 67 3049 2 35 41 33 18
D 65 3051 2 66 59 67 5
D 64 3047 2 20 65 42 5
D 69 2957 2 13 47 15 14
D 70 2953 2 11 10 9 17
D 71 2957 2 13 14 15 18
D 72 2953 2 11 17 9 5
D 68 2955 3 8 69 70 71 72 18
D 6 2959 5 7 19 45 48 52 56 61 64 68 5
L 74 2338 -40
D 73 2337 2 4 74 2 5
D 78 3045 2 26 44 28 5
D 77 3043 2 21 78 29 5
D 79 3051 2 32 59 40 5
D 81 3045 2 26 27 28 18
D 80 3043 2 21 81 29 18
D 76 3047 2 77 79 80 5
D 84 3045 2 28 27 26 5
D 83 3043 2 21 84 29 5
D 86 3045 2 28 44 26 18
D 85 3043 2 21 86 29 18
D 82 3047 2 83 79 85 5
D 89 3041 2 22 30 24 5
D 90 3041 2 22 23 24 18
D 88 3043 2 89 25 90 5
D 91 3043 2 89 43 90 18
D 87 3047 2 88 79 91 5
D 94 3041 2 24 23 22 5
D 95 3041 2 24 30 22 18
D 93 3043 2 94 25 95 5
D 96 3043 2 94 43 95 18
D 92 3047 2 93 79 96 5
D 75 2959 5 7 76 45 82 52 87 61 92 68 5
D 97 2337 2 2 74 4 3
D 0 2339 3 1 6 73 75 97 5
