c ids of sdd nodes start at 0
c sdd nodes appear bottom-up, children before parents
c
c file syntax:
c sdd count-of-sdd-nodes
c F id-of-false-sdd-node
c T id-of-true-sdd-node
c L id-of-literal-sdd-node id-of-vtree literal
c D id-of-decomposition-sdd-node id-of-vtree number-of-elements {id-of-prime id-of-sub}*
c
sdd 100
L 3 216 -125
L 4 218 -126
L 5 216 125
F 6
D 2 217 2 3 4 5 6
L 8 220 -127
L 9 222 128
L 10 220 127
D 7 221 2 8 9 10 6
L 12 218 126
T 13
D 11 217 2 3 12 5 13
D 1 219 2 2 7 11 6
L 16 6064 -113
L 17 6066 114
L 18 6064 113
D 15 6065 2 16 17 18 6
L 22 6108 -3499
L 23 6110 -3500
L 24 6108 3499
D 21 6109 2 22 23 24 6
L 26 6112 -3501
L 27 6114 -3502
L 28 6112 3501
D 25 6113 2 26 27 28 6
L 30 6110 3500
D 29 6109 2 22 30 24 13
D 20 6111 2 21 25 29 6
L 33 6116 -3503
L 34 6118 -3504
L 35 6116 3503
D 32 6117 2 33 34 35 6
L 37 6120 -3505
L 38 6122 3506
L 39 6120 3505
D 36 6121 2 37 38 39 6
L 41 6118 3504
D 40 6117 2 33 41 35 13
D 31 6119 2 32 36 40 6
L 44 6114 3502
D 43 6113 2 26 44 28 13
D 42 6111 2 21 43 29 13
D 19 6115 2 20 31 42 6
L 46 6066 -114
D 45 6065 2 18 46 16 6
D 49 6113 2 26 44 28 6
D 48 6111 2 21 49 29 6
L 52 6122 -3506
D 51 6121 2 37 52 39 6
D 50 6119 2 32 51 40 6
D 54 6113 2 26 27 28 13
D 53 6111 2 21 54 29 13
D 47 6115 2 48 50 53 6
D 55 6065 2 16 46 18 17
D 14 6067 3 15 19 45 47 55 6
L 58 222 -128
D 57 221 2 10 58 8 6
D 56 219 2 2 57 11 6
D 62 6121 2 39 52 37 6
D 61 6119 2 32 62 40 6
D 60 6115 2 20 61 42 6
D 65 6113 2 28 27 26 6
D 64 6111 2 21 65 29 6
D 67 6113 2 28 44 26 13
D 66 6111 2 21 67 29 13
D 63 6115 2 64 50 66 6
D 59 6067 3 15 60 45 63 55 6
D 69 217 2 3 12 5 6
D 70 221 2 8 58 10 6
D 71 217 2 3 4 5 13
D 68 219 2 69 70 71 6
D 75 6117 2 33 41 35 6
D 76 6117 2 33 34 35 13
D 74 6119 2 75 51 76 6
D 73 6115 2 20 74 42 6
D 79 6109 2 22 30 24 6
D 80 6109 2 22 23 24 13
D 78 6111 2 79 25 80 6
D 81 6111 2 79 43 80 13
D 77 6115 2 78 50 81 6
D 72 6067 3 15 73 45 77 55 6
D 83 217 2 5 4 3 6
D 84 217 2 5 12 3 13
D 82 219 2 83 70 84 6
D 88 6117 2 35 34 33 6
D 89 6117 2 35 41 33 13
D 87 6119 2 88 51 89 6
D 86 6115 2 20 87 42 6
D 92 6109 2 24 23 22 6
D 93 6109 2 24 30 22 13
D 91 6111 2 92 25 93 6
D 94 6111 2 92 43 93 13
D 90 6115 2 91 50 94 6
D 85 6067 3 15 86 45 90 55 6
D 96 221 2 8 58 10 9
D 97 217 2 5 4 3 12
D 98 221 2 8 9 10 13
D 99 217 2 5 12 3 6
D 95 219 3 2 96 97 98 99 13
D 0 223 5 1 14 56 59 68 72 82 85 95 6
