c ids of sdd nodes start at 0
c sdd nodes appear bottom-up, children before parents
c
c file syntax:
c sdd count-of-sdd-nodes
c F id-of-false-sdd-node
c T id-of-true-sdd-node
c L id-of-literal-sdd-node id-of-vtree literal
c D id-of-decomposition-sdd-node id-of-vtree number-of-elements {id-of-prime id-of-sub}*
c
sdd 100
L 3 7088 -211
L 4 7090 -212
L 5 7088 211
F 6
D 2 7089 2 3 4 5 6
L 8 7092 -213
L 9 7094 214
L 10 7092 213
D 7 7093 2 8 9 10 6
L 12 7090 212
T 13
D 11 7089 2 3 12 5 13
D 1 7091 2 2 7 11 6
L 16 7640 -227
L 17 7642 228
L 18 7640 227
D 15 7641 2 16 17 18 6
L 22 7684 -3523
L 23 7686 -3524
L 24 7684 3523
D 21 7685 2 22 23 24 6
L 26 7688 -3525
L 27 7690 -3526
L 28 7688 3525
D 25 7689 2 26 27 28 6
L 30 7686 3524
D 29 7685 2 22 30 24 13
D 20 7687 2 21 25 29 6
L 33 7692 -3527
L 34 7694 -3528
L 35 7692 3527
D 32 7693 2 33 34 35 6
L 37 7696 -3529
L 38 7698 3530
L 39 7696 3529
D 36 7697 2 37 38 39 6
L 41 7694 3528
D 40 7693 2 33 41 35 13
D 31 7695 2 32 36 40 6
L 44 7690 3526
D 43 7689 2 26 44 28 13
D 42 7687 2 21 43 29 13
D 19 7691 2 20 31 42 6
L 46 7642 -228
D 45 7641 2 18 46 16 6
D 49 7689 2 26 44 28 6
D 48 7687 2 21 49 29 6
L 52 7698 -3530
D 51 7697 2 37 52 39 6
D 50 7695 2 32 51 40 6
D 54 7689 2 26 27 28 13
D 53 7687 2 21 54 29 13
D 47 7691 2 48 50 53 6
D 55 7641 2 16 46 18 17
D 14 7643 3 15 19 45 47 55 6
L 58 7094 -214
D 57 7093 2 10 58 8 6
D 56 7091 2 2 57 11 6
D 62 7697 2 39 52 37 6
D 61 7695 2 32 62 40 6
D 60 7691 2 20 61 42 6
D 65 7689 2 28 27 26 6
D 64 7687 2 21 65 29 6
D 67 7689 2 28 44 26 13
D 66 7687 2 21 67 29 13
D 63 7691 2 64 50 66 6
D 59 7643 3 15 60 45 63 55 6
D 69 7089 2 3 12 5 6
D 70 7093 2 8 58 10 6
D 71 7089 2 3 4 5 13
D 68 7091 2 69 70 71 6
D 75 7693 2 33 41 35 6
D 76 7693 2 33 34 35 13
D 74 7695 2 75 51 76 6
D 73 7691 2 20 74 42 6
D 79 7685 2 22 30 24 6
D 80 7685 2 22 23 24 13
D 78 7687 2 79 25 80 6
D 81 7687 2 79 43 80 13
D 77 7691 2 78 50 81 6
D 72 7643 3 15 73 45 77 55 6
D 83 7089 2 5 4 3 6
D 84 7089 2 5 12 3 13
D 82 7091 2 83 70 84 6
D 88 7693 2 35 34 33 6
D 89 7693 2 35 41 33 13
D 87 7695 2 88 51 89 6
D 86 7691 2 20 87 42 6
D 92 7685 2 24 23 22 6
D 93 7685 2 24 30 22 13
D 91 7687 2 92 25 93 6
D 94 7687 2 92 43 93 13
D 90 7691 2 91 50 94 6
D 85 7643 3 15 86 45 90 55 6
D 96 7093 2 8 58 10 9
D 97 7089 2 5 4 3 12
D 98 7093 2 8 9 10 13
D 99 7089 2 5 12 3 6
D 95 7091 3 2 96 97 98 99 13
D 0 7095 5 1 14 56 59 68 72 82 85 95 6
