c ids of sdd nodes start at 0
c sdd nodes appear bottom-up, children before parents
c
c file syntax:
c sdd count-of-sdd-nodes
c F id-of-false-sdd-node
c T id-of-true-sdd-node
c L id-of-literal-sdd-node id-of-vtree literal
c D id-of-decomposition-sdd-node id-of-vtree number-of-elements {id-of-prime id-of-sub}*
c
sdd 98
L 2 1288 -135
L 3 1290 136
L 4 1288 135
F 5
D 1 1289 2 2 3 4 5
L 9 4528 -141
L 10 4530 -142
L 11 4528 141
D 8 4529 2 9 10 11 5
L 13 4532 -143
L 14 4534 144
L 15 4532 143
D 12 4533 2 13 14 15 5
L 17 4530 142
T 18
D 16 4529 2 9 17 11 18
D 7 4531 2 8 12 16 5
L 22 4824 -3555
L 23 4826 -3556
L 24 4824 3555
D 21 4825 2 22 23 24 5
L 26 4828 -3557
L 27 4830 -3558
L 28 4828 3557
D 25 4829 2 26 27 28 5
L 30 4826 3556
D 29 4825 2 22 30 24 18
D 20 4827 2 21 25 29 5
L 33 4832 -3559
L 34 4834 -3560
L 35 4832 3559
D 32 4833 2 33 34 35 5
L 37 4836 -3561
L 38 4838 3562
L 39 4836 3561
D 36 4837 2 37 38 39 5
L 41 4834 3560
D 40 4833 2 33 41 35 18
D 31 4835 2 32 36 40 5
L 44 4830 3558
D 43 4829 2 26 44 28 18
D 42 4827 2 21 43 29 18
D 19 4831 2 20 31 42 5
L 47 4534 -144
D 46 4533 2 15 47 13 5
D 45 4531 2 8 46 16 5
L 51 4838 -3562
D 50 4837 2 39 51 37 5
D 49 4835 2 32 50 40 5
D 48 4831 2 20 49 42 5
D 53 4529 2 9 17 11 5
D 54 4533 2 13 47 15 5
D 55 4529 2 9 10 11 18
D 52 4531 2 53 54 55 5
D 58 4833 2 33 41 35 5
D 59 4837 2 37 51 39 5
D 60 4833 2 33 34 35 18
D 57 4835 2 58 59 60 5
D 56 4831 2 20 57 42 5
D 62 4529 2 11 10 9 5
D 63 4529 2 11 17 9 18
D 61 4531 2 62 54 63 5
D 66 4833 2 35 34 33 5
D 67 4833 2 35 41 33 18
D 65 4835 2 66 59 67 5
D 64 4831 2 20 65 42 5
D 69 4533 2 13 47 15 14
D 70 4529 2 11 10 9 17
D 71 4533 2 13 14 15 18
D 72 4529 2 11 17 9 5
D 68 4531 3 8 69 70 71 72 18
D 6 4535 5 7 19 45 48 52 56 61 64 68 5
L 74 1290 -136
D 73 1289 2 4 74 2 5
D 78 4829 2 26 44 28 5
D 77 4827 2 21 78 29 5
D 79 4835 2 32 59 40 5
D 81 4829 2 26 27 28 18
D 80 4827 2 21 81 29 18
D 76 4831 2 77 79 80 5
D 84 4829 2 28 27 26 5
D 83 4827 2 21 84 29 5
D 86 4829 2 28 44 26 18
D 85 4827 2 21 86 29 18
D 82 4831 2 83 79 85 5
D 89 4825 2 22 30 24 5
D 90 4825 2 22 23 24 18
D 88 4827 2 89 25 90 5
D 91 4827 2 89 43 90 18
D 87 4831 2 88 79 91 5
D 94 4825 2 24 23 22 5
D 95 4825 2 24 30 22 18
D 93 4827 2 94 25 95 5
D 96 4827 2 94 43 95 18
D 92 4831 2 93 79 96 5
D 75 4535 5 7 76 45 82 52 87 61 92 68 5
D 97 1289 2 2 74 4 3
D 0 1291 3 1 6 73 75 97 5
