c ids of sdd nodes start at 0
c sdd nodes appear bottom-up, children before parents
c
c file syntax:
c sdd count-of-sdd-nodes
c F id-of-false-sdd-node
c T id-of-true-sdd-node
c L id-of-literal-sdd-node id-of-vtree literal
c D id-of-decomposition-sdd-node id-of-vtree number-of-elements {id-of-prime id-of-sub}*
c
sdd 210
L 3 1048 -145
L 4 1050 -146
L 5 1048 145
F 6
D 2 1049 2 3 4 5 6
L 8 1052 -147
L 9 1054 148
L 10 1052 147
D 7 1053 2 8 9 10 6
L 12 1050 146
T 13
D 11 1049 2 3 12 5 13
D 1 1051 2 2 7 11 6
L 16 6232 -179
L 17 6234 180
L 18 6232 179
D 15 6233 2 16 17 18 6
L 21 6240 -105
L 22 6242 106
L 23 6240 105
D 20 6241 2 21 22 23 6
L 28 6244 -615
L 29 6246 -616
L 30 6244 615
D 27 6245 2 28 29 30 6
L 32 6248 -617
L 33 6250 -618
L 34 6248 617
D 31 6249 2 32 33 34 6
L 36 6246 616
D 35 6245 2 28 36 30 13
D 26 6247 2 27 31 35 6
L 39 6252 -619
L 40 6254 -620
L 41 6252 619
D 38 6253 2 39 40 41 6
L 43 6256 -621
L 44 6258 -622
L 45 6256 621
D 42 6257 2 43 44 45 6
L 47 6254 620
D 46 6253 2 39 47 41 13
D 37 6255 2 38 42 46 6
L 50 6250 618
D 49 6249 2 32 50 34 13
D 48 6247 2 27 49 35 13
D 25 6251 2 26 37 48 6
L 54 6260 -623
L 55 6262 -624
L 56 6260 623
D 53 6261 2 54 55 56 6
L 58 6264 -625
L 59 6266 -626
L 60 6264 625
D 57 6265 2 58 59 60 6
L 62 6262 624
D 61 6261 2 54 62 56 13
D 52 6263 2 53 57 61 6
L 65 6268 -627
L 66 6270 -628
L 67 6268 627
D 64 6269 2 65 66 67 6
L 69 6272 -629
L 70 6274 630
L 71 6272 629
D 68 6273 2 69 70 71 6
L 73 6270 628
D 72 6269 2 65 73 67 13
D 63 6271 2 64 68 72 6
L 76 6266 626
D 75 6265 2 58 76 60 13
D 74 6263 2 53 75 61 13
D 51 6267 2 52 63 74 6
L 80 6258 622
D 79 6257 2 43 80 45 13
D 78 6255 2 38 79 46 13
D 77 6251 2 26 78 48 13
D 24 6259 2 25 51 77 6
L 82 6242 -106
D 81 6241 2 23 82 21 6
D 86 6257 2 43 80 45 6
D 85 6255 2 38 86 46 6
D 84 6251 2 26 85 48 6
L 90 6274 -630
D 89 6273 2 69 90 71 6
D 88 6271 2 64 89 72 6
D 87 6267 2 52 88 74 6
D 93 6257 2 43 44 45 13
D 92 6255 2 38 93 46 13
D 91 6251 2 26 92 48 13
D 83 6259 2 84 87 91 6
D 94 6241 2 21 82 23 22
D 19 6243 3 20 24 81 83 94 6
L 96 6234 -180
D 95 6233 2 18 96 16 6
D 101 6265 2 58 76 60 6
D 100 6263 2 53 101 61 6
D 103 6265 2 58 59 60 13
D 102 6263 2 53 103 61 13
D 99 6267 2 100 88 102 6
D 98 6259 2 25 99 77 6
D 107 6249 2 32 50 34 6
D 106 6247 2 27 107 35 6
D 109 6249 2 32 33 34 13
D 108 6247 2 27 109 35 13
D 105 6251 2 106 37 108 6
D 110 6251 2 106 78 108 13
D 104 6259 2 105 87 110 6
D 97 6243 3 20 98 81 104 94 6
D 111 6233 2 16 96 18 17
D 14 6235 3 15 19 95 97 111 6
L 114 1054 -148
D 113 1053 2 10 114 8 6
D 112 1051 2 2 113 11 6
D 120 6273 2 71 90 69 6
D 119 6271 2 64 120 72 6
D 118 6267 2 52 119 74 6
D 117 6259 2 25 118 77 6
D 124 6257 2 45 44 43 6
D 123 6255 2 38 124 46 6
D 122 6251 2 26 123 48 6
D 127 6257 2 45 80 43 13
D 126 6255 2 38 127 46 13
D 125 6251 2 26 126 48 13
D 121 6259 2 122 87 125 6
D 116 6243 3 20 117 81 121 94 6
D 132 6265 2 60 59 58 6
D 131 6263 2 53 132 61 6
D 134 6265 2 60 76 58 13
D 133 6263 2 53 134 61 13
D 130 6267 2 131 88 133 6
D 129 6259 2 25 130 77 6
D 138 6249 2 34 33 32 6
D 137 6247 2 27 138 35 6
D 140 6249 2 34 50 32 13
D 139 6247 2 27 140 35 13
D 136 6251 2 137 37 139 6
D 141 6251 2 137 78 139 13
D 135 6259 2 136 87 141 6
D 128 6243 3 20 129 81 135 94 6
D 115 6235 3 15 116 95 128 111 6
D 143 1049 2 3 12 5 6
D 144 1053 2 8 114 10 6
D 145 1049 2 3 4 5 13
D 142 1051 2 143 144 145 6
D 151 6269 2 65 73 67 6
D 152 6269 2 65 66 67 13
D 150 6271 2 151 89 152 6
D 149 6267 2 52 150 74 6
D 148 6259 2 25 149 77 6
D 156 6253 2 39 47 41 6
D 157 6253 2 39 40 41 13
D 155 6255 2 156 42 157 6
D 154 6251 2 26 155 48 6
D 159 6255 2 156 79 157 13
D 158 6251 2 26 159 48 13
D 153 6259 2 154 87 158 6
D 147 6243 3 20 148 81 153 94 6
D 164 6261 2 54 62 56 6
D 165 6261 2 54 55 56 13
D 163 6263 2 164 57 165 6
D 166 6263 2 164 75 165 13
D 162 6267 2 163 88 166 6
D 161 6259 2 25 162 77 6
D 170 6245 2 28 36 30 6
D 171 6245 2 28 29 30 13
D 169 6247 2 170 31 171 6
D 172 6247 2 170 49 171 13
D 168 6251 2 169 37 172 6
D 173 6251 2 169 78 172 13
D 167 6259 2 168 87 173 6
D 160 6243 3 20 161 81 167 94 6
D 146 6235 3 15 147 95 160 111 6
D 175 1049 2 5 4 3 6
D 176 1049 2 5 12 3 13
D 174 1051 2 175 144 176 6
D 182 6269 2 67 66 65 6
D 183 6269 2 67 73 65 13
D 181 6271 2 182 89 183 6
D 180 6267 2 52 181 74 6
D 179 6259 2 25 180 77 6
D 187 6253 2 41 40 39 6
D 188 6253 2 41 47 39 13
D 186 6255 2 187 42 188 6
D 185 6251 2 26 186 48 6
D 190 6255 2 187 79 188 13
D 189 6251 2 26 190 48 13
D 184 6259 2 185 87 189 6
D 178 6243 3 20 179 81 184 94 6
D 195 6261 2 56 55 54 6
D 196 6261 2 56 62 54 13
D 194 6263 2 195 57 196 6
D 197 6263 2 195 75 196 13
D 193 6267 2 194 88 197 6
D 192 6259 2 25 193 77 6
D 201 6245 2 30 29 28 6
D 202 6245 2 30 36 28 13
D 200 6247 2 201 31 202 6
D 203 6247 2 201 49 202 13
D 199 6251 2 200 37 203 6
D 204 6251 2 200 78 203 13
D 198 6259 2 199 87 204 6
D 191 6243 3 20 192 81 198 94 6
D 177 6235 3 15 178 95 191 111 6
D 206 1053 2 8 114 10 9
D 207 1049 2 5 4 3 12
D 208 1053 2 8 9 10 13
D 209 1049 2 5 12 3 6
D 205 1051 3 2 206 207 208 209 13
D 0 1055 5 1 14 112 115 142 146 174 177 205 6
