c ids of sdd nodes start at 0
c sdd nodes appear bottom-up, children before parents
c
c file syntax:
c sdd count-of-sdd-nodes
c F id-of-false-sdd-node
c T id-of-true-sdd-node
c L id-of-literal-sdd-node id-of-vtree literal
c D id-of-decomposition-sdd-node id-of-vtree number-of-elements {id-of-prime id-of-sub}*
c
sdd 98
L 2 8192 -241
L 3 8194 242
L 4 8192 241
F 5
D 1 8193 2 2 3 4 5
L 9 9016 -251
L 10 9018 -252
L 11 9016 251
D 8 9017 2 9 10 11 5
L 13 9020 -253
L 14 9022 254
L 15 9020 253
D 12 9021 2 13 14 15 5
L 17 9018 252
T 18
D 16 9017 2 9 17 11 18
D 7 9019 2 8 12 16 5
L 22 9024 -631
L 23 9026 -632
L 24 9024 631
D 21 9025 2 22 23 24 5
L 26 9028 -633
L 27 9030 -634
L 28 9028 633
D 25 9029 2 26 27 28 5
L 30 9026 632
D 29 9025 2 22 30 24 18
D 20 9027 2 21 25 29 5
L 33 9032 -635
L 34 9034 -636
L 35 9032 635
D 32 9033 2 33 34 35 5
L 37 9036 -637
L 38 9038 638
L 39 9036 637
D 36 9037 2 37 38 39 5
L 41 9034 636
D 40 9033 2 33 41 35 18
D 31 9035 2 32 36 40 5
L 44 9030 634
D 43 9029 2 26 44 28 18
D 42 9027 2 21 43 29 18
D 19 9031 2 20 31 42 5
L 47 9022 -254
D 46 9021 2 15 47 13 5
D 45 9019 2 8 46 16 5
L 51 9038 -638
D 50 9037 2 39 51 37 5
D 49 9035 2 32 50 40 5
D 48 9031 2 20 49 42 5
D 53 9017 2 9 17 11 5
D 54 9021 2 13 47 15 5
D 55 9017 2 9 10 11 18
D 52 9019 2 53 54 55 5
D 58 9033 2 33 41 35 5
D 59 9037 2 37 51 39 5
D 60 9033 2 33 34 35 18
D 57 9035 2 58 59 60 5
D 56 9031 2 20 57 42 5
D 62 9017 2 11 10 9 5
D 63 9017 2 11 17 9 18
D 61 9019 2 62 54 63 5
D 66 9033 2 35 34 33 5
D 67 9033 2 35 41 33 18
D 65 9035 2 66 59 67 5
D 64 9031 2 20 65 42 5
D 69 9021 2 13 47 15 14
D 70 9017 2 11 10 9 17
D 71 9021 2 13 14 15 18
D 72 9017 2 11 17 9 5
D 68 9019 3 8 69 70 71 72 18
D 6 9023 5 7 19 45 48 52 56 61 64 68 5
L 74 8194 -242
D 73 8193 2 4 74 2 5
D 78 9029 2 26 44 28 5
D 77 9027 2 21 78 29 5
D 79 9035 2 32 59 40 5
D 81 9029 2 26 27 28 18
D 80 9027 2 21 81 29 18
D 76 9031 2 77 79 80 5
D 84 9029 2 28 27 26 5
D 83 9027 2 21 84 29 5
D 86 9029 2 28 44 26 18
D 85 9027 2 21 86 29 18
D 82 9031 2 83 79 85 5
D 89 9025 2 22 30 24 5
D 90 9025 2 22 23 24 18
D 88 9027 2 89 25 90 5
D 91 9027 2 89 43 90 18
D 87 9031 2 88 79 91 5
D 94 9025 2 24 23 22 5
D 95 9025 2 24 30 22 18
D 93 9027 2 94 25 95 5
D 96 9027 2 94 43 95 18
D 92 9031 2 93 79 96 5
D 75 9023 5 7 76 45 82 52 87 61 92 68 5
D 97 8193 2 2 74 4 3
D 0 8195 3 1 6 73 75 97 5
