c ids of sdd nodes start at 0
c sdd nodes appear bottom-up, children before parents
c
c file syntax:
c sdd count-of-sdd-nodes
c F id-of-false-sdd-node
c T id-of-true-sdd-node
c L id-of-literal-sdd-node id-of-vtree literal
c D id-of-decomposition-sdd-node id-of-vtree number-of-elements {id-of-prime id-of-sub}*
c
sdd 214
L 3 1792 -85
L 4 1794 -86
L 5 1792 85
F 6
D 2 1793 2 3 4 5 6
L 8 1796 -87
L 9 1798 88
L 10 1796 87
D 7 1797 2 8 9 10 6
L 12 1794 86
T 13
D 11 1793 2 3 12 5 13
D 1 1795 2 2 7 11 6
L 17 1984 -75
L 18 1986 -76
L 19 1984 75
D 16 1985 2 17 18 19 6
L 21 1988 -77
L 22 1990 78
L 23 1988 77
D 20 1989 2 21 22 23 6
L 25 1986 76
D 24 1985 2 17 25 19 13
D 15 1987 2 16 20 24 6
L 30 2056 -3675
L 31 2058 -3676
L 32 2056 3675
D 29 2057 2 30 31 32 6
L 34 2060 -3677
L 35 2062 -3678
L 36 2060 3677
D 33 2061 2 34 35 36 6
L 38 2058 3676
D 37 2057 2 30 38 32 13
D 28 2059 2 29 33 37 6
L 41 2064 -3679
L 42 2066 -3680
L 43 2064 3679
D 40 2065 2 41 42 43 6
L 45 2068 -3681
L 46 2070 -3682
L 47 2068 3681
D 44 2069 2 45 46 47 6
L 49 2066 3680
D 48 2065 2 41 49 43 13
D 39 2067 2 40 44 48 6
L 52 2062 3678
D 51 2061 2 34 52 36 13
D 50 2059 2 29 51 37 13
D 27 2063 2 28 39 50 6
L 56 2072 -3683
L 57 2074 -3684
L 58 2072 3683
D 55 2073 2 56 57 58 6
L 60 2076 -3685
L 61 2078 -3686
L 62 2076 3685
D 59 2077 2 60 61 62 6
L 64 2074 3684
D 63 2073 2 56 64 58 13
D 54 2075 2 55 59 63 6
L 67 2080 -3687
L 68 2082 -3688
L 69 2080 3687
D 66 2081 2 67 68 69 6
L 71 2084 -3689
L 72 2086 3690
L 73 2084 3689
D 70 2085 2 71 72 73 6
L 75 2082 3688
D 74 2081 2 67 75 69 13
D 65 2083 2 66 70 74 6
L 78 2078 3686
D 77 2077 2 60 78 62 13
D 76 2075 2 55 77 63 13
D 53 2079 2 54 65 76 6
L 82 2070 3682
D 81 2069 2 45 82 47 13
D 80 2067 2 40 81 48 13
D 79 2063 2 28 80 50 13
D 26 2071 2 27 53 79 6
L 85 1990 -78
D 84 1989 2 23 85 21 6
D 83 1987 2 16 84 24 6
L 90 2086 -3690
D 89 2085 2 73 90 71 6
D 88 2083 2 66 89 74 6
D 87 2079 2 54 88 76 6
D 86 2071 2 27 87 79 6
D 92 1985 2 17 25 19 6
D 93 1989 2 21 85 23 6
D 94 1985 2 17 18 19 13
D 91 1987 2 92 93 94 6
D 98 2081 2 67 75 69 6
D 99 2085 2 71 90 73 6
D 100 2081 2 67 68 69 13
D 97 2083 2 98 99 100 6
D 96 2079 2 54 97 76 6
D 95 2071 2 27 96 79 6
D 102 1985 2 19 18 17 6
D 103 1985 2 19 25 17 13
D 101 1987 2 102 93 103 6
D 107 2081 2 69 68 67 6
D 108 2081 2 69 75 67 13
D 106 2083 2 107 99 108 6
D 105 2079 2 54 106 76 6
D 104 2071 2 27 105 79 6
D 110 1989 2 21 85 23 22
D 111 1985 2 19 18 17 25
D 112 1989 2 21 22 23 13
D 113 1985 2 19 25 17 6
D 109 1987 3 16 110 111 112 113 13
D 14 1991 5 15 26 83 86 91 95 101 104 109 6
L 116 1798 -88
D 115 1797 2 10 116 8 6
D 114 1795 2 2 115 11 6
D 121 2077 2 60 78 62 6
D 120 2075 2 55 121 63 6
D 122 2083 2 66 99 74 6
D 124 2077 2 60 61 62 13
D 123 2075 2 55 124 63 13
D 119 2079 2 120 122 123 6
D 118 2071 2 27 119 79 6
D 128 2077 2 62 61 60 6
D 127 2075 2 55 128 63 6
D 130 2077 2 62 78 60 13
D 129 2075 2 55 130 63 13
D 126 2079 2 127 122 129 6
D 125 2071 2 27 126 79 6
D 134 2073 2 56 64 58 6
D 135 2073 2 56 57 58 13
D 133 2075 2 134 59 135 6
D 136 2075 2 134 77 135 13
D 132 2079 2 133 122 136 6
D 131 2071 2 27 132 79 6
D 140 2073 2 58 57 56 6
D 141 2073 2 58 64 56 13
D 139 2075 2 140 59 141 6
D 142 2075 2 140 77 141 13
D 138 2079 2 139 122 142 6
D 137 2071 2 27 138 79 6
D 117 1991 5 15 118 83 125 91 131 101 137 109 6
D 144 1793 2 3 12 5 6
D 145 1797 2 8 116 10 6
D 146 1793 2 3 4 5 13
D 143 1795 2 144 145 146 6
D 151 2069 2 45 82 47 6
D 150 2067 2 40 151 48 6
D 149 2063 2 28 150 50 6
D 152 2079 2 54 122 76 6
D 155 2069 2 45 46 47 13
D 154 2067 2 40 155 48 13
D 153 2063 2 28 154 50 13
D 148 2071 2 149 152 153 6
D 159 2069 2 47 46 45 6
D 158 2067 2 40 159 48 6
D 157 2063 2 28 158 50 6
D 162 2069 2 47 82 45 13
D 161 2067 2 40 162 48 13
D 160 2063 2 28 161 50 13
D 156 2071 2 157 152 160 6
D 166 2065 2 41 49 43 6
D 167 2065 2 41 42 43 13
D 165 2067 2 166 44 167 6
D 164 2063 2 28 165 50 6
D 169 2067 2 166 81 167 13
D 168 2063 2 28 169 50 13
D 163 2071 2 164 152 168 6
D 173 2065 2 43 42 41 6
D 174 2065 2 43 49 41 13
D 172 2067 2 173 44 174 6
D 171 2063 2 28 172 50 6
D 176 2067 2 173 81 174 13
D 175 2063 2 28 176 50 13
D 170 2071 2 171 152 175 6
D 147 1991 5 15 148 83 156 91 163 101 170 109 6
D 178 1793 2 5 4 3 6
D 179 1793 2 5 12 3 13
D 177 1795 2 178 145 179 6
D 184 2061 2 34 52 36 6
D 183 2059 2 29 184 37 6
D 186 2061 2 34 35 36 13
D 185 2059 2 29 186 37 13
D 182 2063 2 183 39 185 6
D 187 2063 2 183 80 185 13
D 181 2071 2 182 152 187 6
D 191 2061 2 36 35 34 6
D 190 2059 2 29 191 37 6
D 193 2061 2 36 52 34 13
D 192 2059 2 29 193 37 13
D 189 2063 2 190 39 192 6
D 194 2063 2 190 80 192 13
D 188 2071 2 189 152 194 6
D 198 2057 2 30 38 32 6
D 199 2057 2 30 31 32 13
D 197 2059 2 198 33 199 6
D 200 2059 2 198 51 199 13
D 196 2063 2 197 39 200 6
D 201 2063 2 197 80 200 13
D 195 2071 2 196 152 201 6
D 205 2057 2 32 31 30 6
D 206 2057 2 32 38 30 13
D 204 2059 2 205 33 206 6
D 207 2059 2 205 51 206 13
D 203 2063 2 204 39 207 6
D 208 2063 2 204 80 207 13
D 202 2071 2 203 152 208 6
D 180 1991 5 15 181 83 188 91 195 101 202 109 6
D 210 1797 2 8 116 10 9
D 211 1793 2 5 4 3 12
D 212 1797 2 8 9 10 13
D 213 1793 2 5 12 3 6
D 209 1795 3 2 210 211 212 213 13
D 0 1799 5 1 14 114 117 143 147 177 180 209 6
