c ids of sdd nodes start at 0
c sdd nodes appear bottom-up, children before parents
c
c file syntax:
c sdd count-of-sdd-nodes
c F id-of-false-sdd-node
c T id-of-true-sdd-node
c L id-of-literal-sdd-node id-of-vtree literal
c D id-of-decomposition-sdd-node id-of-vtree number-of-elements {id-of-prime id-of-sub}*
c
sdd 98
L 2 1640 -83
L 3 1642 84
L 4 1640 83
F 5
D 1 1641 2 2 3 4 5
L 9 1984 -75
L 10 1986 -76
L 11 1984 75
D 8 1985 2 9 10 11 5
L 13 1988 -77
L 14 1990 78
L 15 1988 77
D 12 1989 2 13 14 15 5
L 17 1986 76
T 18
D 16 1985 2 9 17 11 18
D 7 1987 2 8 12 16 5
L 22 2088 -3707
L 23 2090 -3708
L 24 2088 3707
D 21 2089 2 22 23 24 5
L 26 2092 -3709
L 27 2094 -3710
L 28 2092 3709
D 25 2093 2 26 27 28 5
L 30 2090 3708
D 29 2089 2 22 30 24 18
D 20 2091 2 21 25 29 5
L 33 2096 -3711
L 34 2098 -3712
L 35 2096 3711
D 32 2097 2 33 34 35 5
L 37 2100 -3713
L 38 2102 3714
L 39 2100 3713
D 36 2101 2 37 38 39 5
L 41 2098 3712
D 40 2097 2 33 41 35 18
D 31 2099 2 32 36 40 5
L 44 2094 3710
D 43 2093 2 26 44 28 18
D 42 2091 2 21 43 29 18
D 19 2095 2 20 31 42 5
L 47 1990 -78
D 46 1989 2 15 47 13 5
D 45 1987 2 8 46 16 5
D 50 2097 2 33 41 35 5
L 52 2102 -3714
D 51 2101 2 37 52 39 5
D 53 2097 2 33 34 35 18
D 49 2099 2 50 51 53 5
D 48 2095 2 20 49 42 5
D 55 1985 2 9 17 11 5
D 56 1989 2 13 47 15 5
D 57 1985 2 9 10 11 18
D 54 1987 2 55 56 57 5
D 60 2093 2 26 44 28 5
D 59 2091 2 21 60 29 5
D 61 2099 2 32 51 40 5
D 63 2093 2 26 27 28 18
D 62 2091 2 21 63 29 18
D 58 2095 2 59 61 62 5
D 65 1985 2 11 10 9 5
D 66 1985 2 11 17 9 18
D 64 1987 2 65 56 66 5
D 69 2089 2 22 30 24 5
D 70 2089 2 22 23 24 18
D 68 2091 2 69 25 70 5
D 71 2091 2 69 43 70 18
D 67 2095 2 68 61 71 5
D 73 1989 2 13 47 15 14
D 74 1985 2 11 10 9 17
D 75 1989 2 13 14 15 18
D 76 1985 2 11 17 9 5
D 72 1987 3 8 73 74 75 76 18
D 6 1991 5 7 19 45 48 54 58 64 67 72 5
L 78 1642 -84
D 77 1641 2 4 78 2 5
D 82 2101 2 39 52 37 5
D 81 2099 2 32 82 40 5
D 80 2095 2 20 81 42 5
D 85 2097 2 35 34 33 5
D 86 2097 2 35 41 33 18
D 84 2099 2 85 51 86 5
D 83 2095 2 20 84 42 5
D 89 2093 2 28 27 26 5
D 88 2091 2 21 89 29 5
D 91 2093 2 28 44 26 18
D 90 2091 2 21 91 29 18
D 87 2095 2 88 61 90 5
D 94 2089 2 24 23 22 5
D 95 2089 2 24 30 22 18
D 93 2091 2 94 25 95 5
D 96 2091 2 94 43 95 18
D 92 2095 2 93 61 96 5
D 79 1991 5 7 80 45 83 54 87 64 92 72 5
D 97 1641 2 2 78 4 3
D 0 1643 3 1 6 77 79 97 5
