c ids of sdd nodes start at 0
c sdd nodes appear bottom-up, children before parents
c
c file syntax:
c sdd count-of-sdd-nodes
c F id-of-false-sdd-node
c T id-of-true-sdd-node
c L id-of-literal-sdd-node id-of-vtree literal
c D id-of-decomposition-sdd-node id-of-vtree number-of-elements {id-of-prime id-of-sub}*
c
sdd 100
L 3 7136 -215
L 4 7138 -216
L 5 7136 215
F 6
D 2 7137 2 3 4 5 6
L 8 7140 -217
L 9 7142 218
L 10 7140 217
D 7 7141 2 8 9 10 6
L 12 7138 216
T 13
D 11 7137 2 3 12 5 13
D 1 7139 2 2 7 11 6
L 16 7640 -227
L 17 7642 228
L 18 7640 227
D 15 7641 2 16 17 18 6
L 22 7700 -3715
L 23 7702 -3716
L 24 7700 3715
D 21 7701 2 22 23 24 6
L 26 7704 -3717
L 27 7706 -3718
L 28 7704 3717
D 25 7705 2 26 27 28 6
L 30 7702 3716
D 29 7701 2 22 30 24 13
D 20 7703 2 21 25 29 6
L 33 7708 -3719
L 34 7710 -3720
L 35 7708 3719
D 32 7709 2 33 34 35 6
L 37 7712 -3721
L 38 7714 3722
L 39 7712 3721
D 36 7713 2 37 38 39 6
L 41 7710 3720
D 40 7709 2 33 41 35 13
D 31 7711 2 32 36 40 6
L 44 7706 3718
D 43 7705 2 26 44 28 13
D 42 7703 2 21 43 29 13
D 19 7707 2 20 31 42 6
L 46 7642 -228
D 45 7641 2 18 46 16 6
D 49 7705 2 26 44 28 6
D 48 7703 2 21 49 29 6
L 52 7714 -3722
D 51 7713 2 37 52 39 6
D 50 7711 2 32 51 40 6
D 54 7705 2 26 27 28 13
D 53 7703 2 21 54 29 13
D 47 7707 2 48 50 53 6
D 55 7641 2 16 46 18 17
D 14 7643 3 15 19 45 47 55 6
L 58 7142 -218
D 57 7141 2 10 58 8 6
D 56 7139 2 2 57 11 6
D 62 7713 2 39 52 37 6
D 61 7711 2 32 62 40 6
D 60 7707 2 20 61 42 6
D 65 7705 2 28 27 26 6
D 64 7703 2 21 65 29 6
D 67 7705 2 28 44 26 13
D 66 7703 2 21 67 29 13
D 63 7707 2 64 50 66 6
D 59 7643 3 15 60 45 63 55 6
D 69 7137 2 3 12 5 6
D 70 7141 2 8 58 10 6
D 71 7137 2 3 4 5 13
D 68 7139 2 69 70 71 6
D 75 7709 2 33 41 35 6
D 76 7709 2 33 34 35 13
D 74 7711 2 75 51 76 6
D 73 7707 2 20 74 42 6
D 79 7701 2 22 30 24 6
D 80 7701 2 22 23 24 13
D 78 7703 2 79 25 80 6
D 81 7703 2 79 43 80 13
D 77 7707 2 78 50 81 6
D 72 7643 3 15 73 45 77 55 6
D 83 7137 2 5 4 3 6
D 84 7137 2 5 12 3 13
D 82 7139 2 83 70 84 6
D 88 7709 2 35 34 33 6
D 89 7709 2 35 41 33 13
D 87 7711 2 88 51 89 6
D 86 7707 2 20 87 42 6
D 92 7701 2 24 23 22 6
D 93 7701 2 24 30 22 13
D 91 7703 2 92 25 93 6
D 94 7703 2 92 43 93 13
D 90 7707 2 91 50 94 6
D 85 7643 3 15 86 45 90 55 6
D 96 7141 2 8 58 10 9
D 97 7137 2 5 4 3 12
D 98 7141 2 8 9 10 13
D 99 7137 2 5 12 3 6
D 95 7139 3 2 96 97 98 99 13
D 0 7143 5 1 14 56 59 68 72 82 85 95 6
