c ids of sdd nodes start at 0
c sdd nodes appear bottom-up, children before parents
c
c file syntax:
c sdd count-of-sdd-nodes
c F id-of-false-sdd-node
c T id-of-true-sdd-node
c L id-of-literal-sdd-node id-of-vtree literal
c D id-of-decomposition-sdd-node id-of-vtree number-of-elements {id-of-prime id-of-sub}*
c
sdd 98
L 2 8384 -243
L 3 8386 244
L 4 8384 243
F 5
D 1 8385 2 2 3 4 5
L 9 8496 -237
L 10 8498 -238
L 11 8496 237
D 8 8497 2 9 10 11 5
L 13 8500 -239
L 14 8502 240
L 15 8500 239
D 12 8501 2 13 14 15 5
L 17 8498 238
T 18
D 16 8497 2 9 17 11 18
D 7 8499 2 8 12 16 5
L 22 8504 -639
L 23 8506 -640
L 24 8504 639
D 21 8505 2 22 23 24 5
L 26 8508 -641
L 27 8510 -642
L 28 8508 641
D 25 8509 2 26 27 28 5
L 30 8506 640
D 29 8505 2 22 30 24 18
D 20 8507 2 21 25 29 5
L 33 8512 -643
L 34 8514 -644
L 35 8512 643
D 32 8513 2 33 34 35 5
L 37 8516 -645
L 38 8518 646
L 39 8516 645
D 36 8517 2 37 38 39 5
L 41 8514 644
D 40 8513 2 33 41 35 18
D 31 8515 2 32 36 40 5
L 44 8510 642
D 43 8509 2 26 44 28 18
D 42 8507 2 21 43 29 18
D 19 8511 2 20 31 42 5
L 47 8502 -240
D 46 8501 2 15 47 13 5
D 45 8499 2 8 46 16 5
D 50 8513 2 33 41 35 5
L 52 8518 -646
D 51 8517 2 37 52 39 5
D 53 8513 2 33 34 35 18
D 49 8515 2 50 51 53 5
D 48 8511 2 20 49 42 5
D 55 8497 2 9 17 11 5
D 56 8501 2 13 47 15 5
D 57 8497 2 9 10 11 18
D 54 8499 2 55 56 57 5
D 60 8509 2 26 44 28 5
D 59 8507 2 21 60 29 5
D 61 8515 2 32 51 40 5
D 63 8509 2 26 27 28 18
D 62 8507 2 21 63 29 18
D 58 8511 2 59 61 62 5
D 65 8497 2 11 10 9 5
D 66 8497 2 11 17 9 18
D 64 8499 2 65 56 66 5
D 69 8505 2 22 30 24 5
D 70 8505 2 22 23 24 18
D 68 8507 2 69 25 70 5
D 71 8507 2 69 43 70 18
D 67 8511 2 68 61 71 5
D 73 8501 2 13 47 15 14
D 74 8497 2 11 10 9 17
D 75 8501 2 13 14 15 18
D 76 8497 2 11 17 9 5
D 72 8499 3 8 73 74 75 76 18
D 6 8503 5 7 19 45 48 54 58 64 67 72 5
L 78 8386 -244
D 77 8385 2 4 78 2 5
D 82 8517 2 39 52 37 5
D 81 8515 2 32 82 40 5
D 80 8511 2 20 81 42 5
D 85 8513 2 35 34 33 5
D 86 8513 2 35 41 33 18
D 84 8515 2 85 51 86 5
D 83 8511 2 20 84 42 5
D 89 8509 2 28 27 26 5
D 88 8507 2 21 89 29 5
D 91 8509 2 28 44 26 18
D 90 8507 2 21 91 29 18
D 87 8511 2 88 61 90 5
D 94 8505 2 24 23 22 5
D 95 8505 2 24 30 22 18
D 93 8507 2 94 25 95 5
D 96 8507 2 94 43 95 18
D 92 8511 2 93 61 96 5
D 79 8503 5 7 80 45 83 54 87 64 92 72 5
D 97 8385 2 2 78 4 3
D 0 8387 3 1 6 77 79 97 5
