c ids of sdd nodes start at 0
c sdd nodes appear bottom-up, children before parents
c
c file syntax:
c sdd count-of-sdd-nodes
c F id-of-false-sdd-node
c T id-of-true-sdd-node
c L id-of-literal-sdd-node id-of-vtree literal
c D id-of-decomposition-sdd-node id-of-vtree number-of-elements {id-of-prime id-of-sub}*
c
sdd 214
L 3 8064 -247
L 4 8066 -248
L 5 8064 247
F 6
D 2 8065 2 3 4 5 6
L 8 8068 -249
L 9 8070 250
L 10 8068 249
D 7 8069 2 8 9 10 6
L 12 8066 248
T 13
D 11 8065 2 3 12 5 13
D 1 8067 2 2 7 11 6
L 17 8496 -237
L 18 8498 -238
L 19 8496 237
D 16 8497 2 17 18 19 6
L 21 8500 -239
L 22 8502 240
L 23 8500 239
D 20 8501 2 21 22 23 6
L 25 8498 238
D 24 8497 2 17 25 19 13
D 15 8499 2 16 20 24 6
L 30 8648 -3735
L 31 8650 -3736
L 32 8648 3735
D 29 8649 2 30 31 32 6
L 34 8652 -3737
L 35 8654 -3738
L 36 8652 3737
D 33 8653 2 34 35 36 6
L 38 8650 3736
D 37 8649 2 30 38 32 13
D 28 8651 2 29 33 37 6
L 41 8656 -3739
L 42 8658 -3740
L 43 8656 3739
D 40 8657 2 41 42 43 6
L 45 8660 -3741
L 46 8662 -3742
L 47 8660 3741
D 44 8661 2 45 46 47 6
L 49 8658 3740
D 48 8657 2 41 49 43 13
D 39 8659 2 40 44 48 6
L 52 8654 3738
D 51 8653 2 34 52 36 13
D 50 8651 2 29 51 37 13
D 27 8655 2 28 39 50 6
L 56 8664 -3743
L 57 8666 -3744
L 58 8664 3743
D 55 8665 2 56 57 58 6
L 60 8668 -3745
L 61 8670 -3746
L 62 8668 3745
D 59 8669 2 60 61 62 6
L 64 8666 3744
D 63 8665 2 56 64 58 13
D 54 8667 2 55 59 63 6
L 67 8672 -3747
L 68 8674 -3748
L 69 8672 3747
D 66 8673 2 67 68 69 6
L 71 8676 -3749
L 72 8678 3750
L 73 8676 3749
D 70 8677 2 71 72 73 6
L 75 8674 3748
D 74 8673 2 67 75 69 13
D 65 8675 2 66 70 74 6
L 78 8670 3746
D 77 8669 2 60 78 62 13
D 76 8667 2 55 77 63 13
D 53 8671 2 54 65 76 6
L 82 8662 3742
D 81 8661 2 45 82 47 13
D 80 8659 2 40 81 48 13
D 79 8655 2 28 80 50 13
D 26 8663 2 27 53 79 6
L 85 8502 -240
D 84 8501 2 23 85 21 6
D 83 8499 2 16 84 24 6
L 90 8678 -3750
D 89 8677 2 73 90 71 6
D 88 8675 2 66 89 74 6
D 87 8671 2 54 88 76 6
D 86 8663 2 27 87 79 6
D 92 8497 2 17 25 19 6
D 93 8501 2 21 85 23 6
D 94 8497 2 17 18 19 13
D 91 8499 2 92 93 94 6
D 98 8673 2 67 75 69 6
D 99 8677 2 71 90 73 6
D 100 8673 2 67 68 69 13
D 97 8675 2 98 99 100 6
D 96 8671 2 54 97 76 6
D 95 8663 2 27 96 79 6
D 102 8497 2 19 18 17 6
D 103 8497 2 19 25 17 13
D 101 8499 2 102 93 103 6
D 107 8673 2 69 68 67 6
D 108 8673 2 69 75 67 13
D 106 8675 2 107 99 108 6
D 105 8671 2 54 106 76 6
D 104 8663 2 27 105 79 6
D 110 8501 2 21 85 23 22
D 111 8497 2 19 18 17 25
D 112 8501 2 21 22 23 13
D 113 8497 2 19 25 17 6
D 109 8499 3 16 110 111 112 113 13
D 14 8503 5 15 26 83 86 91 95 101 104 109 6
L 116 8070 -250
D 115 8069 2 10 116 8 6
D 114 8067 2 2 115 11 6
D 121 8669 2 60 78 62 6
D 120 8667 2 55 121 63 6
D 122 8675 2 66 99 74 6
D 124 8669 2 60 61 62 13
D 123 8667 2 55 124 63 13
D 119 8671 2 120 122 123 6
D 118 8663 2 27 119 79 6
D 128 8669 2 62 61 60 6
D 127 8667 2 55 128 63 6
D 130 8669 2 62 78 60 13
D 129 8667 2 55 130 63 13
D 126 8671 2 127 122 129 6
D 125 8663 2 27 126 79 6
D 134 8665 2 56 64 58 6
D 135 8665 2 56 57 58 13
D 133 8667 2 134 59 135 6
D 136 8667 2 134 77 135 13
D 132 8671 2 133 122 136 6
D 131 8663 2 27 132 79 6
D 140 8665 2 58 57 56 6
D 141 8665 2 58 64 56 13
D 139 8667 2 140 59 141 6
D 142 8667 2 140 77 141 13
D 138 8671 2 139 122 142 6
D 137 8663 2 27 138 79 6
D 117 8503 5 15 118 83 125 91 131 101 137 109 6
D 144 8065 2 3 12 5 6
D 145 8069 2 8 116 10 6
D 146 8065 2 3 4 5 13
D 143 8067 2 144 145 146 6
D 151 8661 2 45 82 47 6
D 150 8659 2 40 151 48 6
D 149 8655 2 28 150 50 6
D 152 8671 2 54 122 76 6
D 155 8661 2 45 46 47 13
D 154 8659 2 40 155 48 13
D 153 8655 2 28 154 50 13
D 148 8663 2 149 152 153 6
D 159 8661 2 47 46 45 6
D 158 8659 2 40 159 48 6
D 157 8655 2 28 158 50 6
D 162 8661 2 47 82 45 13
D 161 8659 2 40 162 48 13
D 160 8655 2 28 161 50 13
D 156 8663 2 157 152 160 6
D 166 8657 2 41 49 43 6
D 167 8657 2 41 42 43 13
D 165 8659 2 166 44 167 6
D 164 8655 2 28 165 50 6
D 169 8659 2 166 81 167 13
D 168 8655 2 28 169 50 13
D 163 8663 2 164 152 168 6
D 173 8657 2 43 42 41 6
D 174 8657 2 43 49 41 13
D 172 8659 2 173 44 174 6
D 171 8655 2 28 172 50 6
D 176 8659 2 173 81 174 13
D 175 8655 2 28 176 50 13
D 170 8663 2 171 152 175 6
D 147 8503 5 15 148 83 156 91 163 101 170 109 6
D 178 8065 2 5 4 3 6
D 179 8065 2 5 12 3 13
D 177 8067 2 178 145 179 6
D 184 8653 2 34 52 36 6
D 183 8651 2 29 184 37 6
D 186 8653 2 34 35 36 13
D 185 8651 2 29 186 37 13
D 182 8655 2 183 39 185 6
D 187 8655 2 183 80 185 13
D 181 8663 2 182 152 187 6
D 191 8653 2 36 35 34 6
D 190 8651 2 29 191 37 6
D 193 8653 2 36 52 34 13
D 192 8651 2 29 193 37 13
D 189 8655 2 190 39 192 6
D 194 8655 2 190 80 192 13
D 188 8663 2 189 152 194 6
D 198 8649 2 30 38 32 6
D 199 8649 2 30 31 32 13
D 197 8651 2 198 33 199 6
D 200 8651 2 198 51 199 13
D 196 8655 2 197 39 200 6
D 201 8655 2 197 80 200 13
D 195 8663 2 196 152 201 6
D 205 8649 2 32 31 30 6
D 206 8649 2 32 38 30 13
D 204 8651 2 205 33 206 6
D 207 8651 2 205 51 206 13
D 203 8655 2 204 39 207 6
D 208 8655 2 204 80 207 13
D 202 8663 2 203 152 208 6
D 180 8503 5 15 181 83 188 91 195 101 202 109 6
D 210 8069 2 8 116 10 9
D 211 8065 2 5 4 3 12
D 212 8069 2 8 9 10 13
D 213 8065 2 5 12 3 6
D 209 8067 3 2 210 211 212 213 13
D 0 8071 5 1 14 114 117 143 147 177 180 209 6
