c ids of sdd nodes start at 0
c sdd nodes appear bottom-up, children before parents
c
c file syntax:
c sdd count-of-sdd-nodes
c F id-of-false-sdd-node
c T id-of-true-sdd-node
c L id-of-literal-sdd-node id-of-vtree literal
c D id-of-decomposition-sdd-node id-of-vtree number-of-elements {id-of-prime id-of-sub}*
c
sdd 98
L 2 2312 -37
L 3 2314 38
L 4 2312 37
F 5
D 1 2313 2 2 3 4 5
L 9 2536 -55
L 10 2538 -56
L 11 2536 55
D 8 2537 2 9 10 11 5
L 13 2540 -57
L 14 2542 58
L 15 2540 57
D 12 2541 2 13 14 15 5
L 17 2538 56
T 18
D 16 2537 2 9 17 11 18
D 7 2539 2 8 12 16 5
L 22 2608 -3843
L 23 2610 -3844
L 24 2608 3843
D 21 2609 2 22 23 24 5
L 26 2612 -3845
L 27 2614 -3846
L 28 2612 3845
D 25 2613 2 26 27 28 5
L 30 2610 3844
D 29 2609 2 22 30 24 18
D 20 2611 2 21 25 29 5
L 33 2616 -3847
L 34 2618 -3848
L 35 2616 3847
D 32 2617 2 33 34 35 5
L 37 2620 -3849
L 38 2622 3850
L 39 2620 3849
D 36 2621 2 37 38 39 5
L 41 2618 3848
D 40 2617 2 33 41 35 18
D 31 2619 2 32 36 40 5
L 44 2614 3846
D 43 2613 2 26 44 28 18
D 42 2611 2 21 43 29 18
D 19 2615 2 20 31 42 5
L 47 2542 -58
D 46 2541 2 15 47 13 5
D 45 2539 2 8 46 16 5
L 51 2622 -3850
D 50 2621 2 39 51 37 5
D 49 2619 2 32 50 40 5
D 48 2615 2 20 49 42 5
D 53 2537 2 9 17 11 5
D 54 2541 2 13 47 15 5
D 55 2537 2 9 10 11 18
D 52 2539 2 53 54 55 5
D 58 2617 2 33 41 35 5
D 59 2621 2 37 51 39 5
D 60 2617 2 33 34 35 18
D 57 2619 2 58 59 60 5
D 56 2615 2 20 57 42 5
D 62 2537 2 11 10 9 5
D 63 2537 2 11 17 9 18
D 61 2539 2 62 54 63 5
D 66 2617 2 35 34 33 5
D 67 2617 2 35 41 33 18
D 65 2619 2 66 59 67 5
D 64 2615 2 20 65 42 5
D 69 2541 2 13 47 15 14
D 70 2537 2 11 10 9 17
D 71 2541 2 13 14 15 18
D 72 2537 2 11 17 9 5
D 68 2539 3 8 69 70 71 72 18
D 6 2543 5 7 19 45 48 52 56 61 64 68 5
L 74 2314 -38
D 73 2313 2 4 74 2 5
D 78 2613 2 26 44 28 5
D 77 2611 2 21 78 29 5
D 79 2619 2 32 59 40 5
D 81 2613 2 26 27 28 18
D 80 2611 2 21 81 29 18
D 76 2615 2 77 79 80 5
D 84 2613 2 28 27 26 5
D 83 2611 2 21 84 29 5
D 86 2613 2 28 44 26 18
D 85 2611 2 21 86 29 18
D 82 2615 2 83 79 85 5
D 89 2609 2 22 30 24 5
D 90 2609 2 22 23 24 18
D 88 2611 2 89 25 90 5
D 91 2611 2 89 43 90 18
D 87 2615 2 88 79 91 5
D 94 2609 2 24 23 22 5
D 95 2609 2 24 30 22 18
D 93 2611 2 94 25 95 5
D 96 2611 2 94 43 95 18
D 92 2615 2 93 79 96 5
D 75 2543 5 7 76 45 82 52 87 61 92 68 5
D 97 2313 2 2 74 4 3
D 0 2315 3 1 6 73 75 97 5
