c ids of sdd nodes start at 0
c sdd nodes appear bottom-up, children before parents
c
c file syntax:
c sdd count-of-sdd-nodes
c F id-of-false-sdd-node
c T id-of-true-sdd-node
c L id-of-literal-sdd-node id-of-vtree literal
c D id-of-decomposition-sdd-node id-of-vtree number-of-elements {id-of-prime id-of-sub}*
c
sdd 98
L 2 4368 -161
L 3 4370 162
L 4 4368 161
F 5
D 1 4369 2 2 3 4 5
L 9 5256 -169
L 10 5258 -170
L 11 5256 169
D 8 5257 2 9 10 11 5
L 13 5260 -171
L 14 5262 172
L 15 5260 171
D 12 5261 2 13 14 15 5
L 17 5258 170
T 18
D 16 5257 2 9 17 11 18
D 7 5259 2 8 12 16 5
L 22 5424 -3923
L 23 5426 -3924
L 24 5424 3923
D 21 5425 2 22 23 24 5
L 26 5428 -3925
L 27 5430 -3926
L 28 5428 3925
D 25 5429 2 26 27 28 5
L 30 5426 3924
D 29 5425 2 22 30 24 18
D 20 5427 2 21 25 29 5
L 33 5432 -3927
L 34 5434 -3928
L 35 5432 3927
D 32 5433 2 33 34 35 5
L 37 5436 -3929
L 38 5438 3930
L 39 5436 3929
D 36 5437 2 37 38 39 5
L 41 5434 3928
D 40 5433 2 33 41 35 18
D 31 5435 2 32 36 40 5
L 44 5430 3926
D 43 5429 2 26 44 28 18
D 42 5427 2 21 43 29 18
D 19 5431 2 20 31 42 5
L 47 5262 -172
D 46 5261 2 15 47 13 5
D 45 5259 2 8 46 16 5
L 51 5438 -3930
D 50 5437 2 39 51 37 5
D 49 5435 2 32 50 40 5
D 48 5431 2 20 49 42 5
D 53 5257 2 9 17 11 5
D 54 5261 2 13 47 15 5
D 55 5257 2 9 10 11 18
D 52 5259 2 53 54 55 5
D 58 5433 2 33 41 35 5
D 59 5437 2 37 51 39 5
D 60 5433 2 33 34 35 18
D 57 5435 2 58 59 60 5
D 56 5431 2 20 57 42 5
D 62 5257 2 11 10 9 5
D 63 5257 2 11 17 9 18
D 61 5259 2 62 54 63 5
D 66 5433 2 35 34 33 5
D 67 5433 2 35 41 33 18
D 65 5435 2 66 59 67 5
D 64 5431 2 20 65 42 5
D 69 5261 2 13 47 15 14
D 70 5257 2 11 10 9 17
D 71 5261 2 13 14 15 18
D 72 5257 2 11 17 9 5
D 68 5259 3 8 69 70 71 72 18
D 6 5263 5 7 19 45 48 52 56 61 64 68 5
L 74 4370 -162
D 73 4369 2 4 74 2 5
D 78 5429 2 26 44 28 5
D 77 5427 2 21 78 29 5
D 79 5435 2 32 59 40 5
D 81 5429 2 26 27 28 18
D 80 5427 2 21 81 29 18
D 76 5431 2 77 79 80 5
D 84 5429 2 28 27 26 5
D 83 5427 2 21 84 29 5
D 86 5429 2 28 44 26 18
D 85 5427 2 21 86 29 18
D 82 5431 2 83 79 85 5
D 89 5425 2 22 30 24 5
D 90 5425 2 22 23 24 18
D 88 5427 2 89 25 90 5
D 91 5427 2 89 43 90 18
D 87 5431 2 88 79 91 5
D 94 5425 2 24 23 22 5
D 95 5425 2 24 30 22 18
D 93 5427 2 94 25 95 5
D 96 5427 2 94 43 95 18
D 92 5431 2 93 79 96 5
D 75 5263 5 7 76 45 82 52 87 61 92 68 5
D 97 4369 2 2 74 4 3
D 0 4371 3 1 6 73 75 97 5
