c ids of sdd nodes start at 0
c sdd nodes appear bottom-up, children before parents
c
c file syntax:
c sdd count-of-sdd-nodes
c F id-of-false-sdd-node
c T id-of-true-sdd-node
c L id-of-literal-sdd-node id-of-vtree literal
c D id-of-decomposition-sdd-node id-of-vtree number-of-elements {id-of-prime id-of-sub}*
c
sdd 98
L 2 2312 -37
L 3 2314 38
L 4 2312 37
F 5
D 1 2313 2 2 3 4 5
L 9 2792 -33
L 10 2794 -34
L 11 2792 33
D 8 2793 2 9 10 11 5
L 13 2796 -35
L 14 2798 36
L 15 2796 35
D 12 2797 2 13 14 15 5
L 17 2794 34
T 18
D 16 2793 2 9 17 11 18
D 7 2795 2 8 12 16 5
L 22 2928 -3943
L 23 2930 -3944
L 24 2928 3943
D 21 2929 2 22 23 24 5
L 26 2932 -3945
L 27 2934 -3946
L 28 2932 3945
D 25 2933 2 26 27 28 5
L 30 2930 3944
D 29 2929 2 22 30 24 18
D 20 2931 2 21 25 29 5
L 33 2936 -3947
L 34 2938 -3948
L 35 2936 3947
D 32 2937 2 33 34 35 5
L 37 2940 -3949
L 38 2942 3950
L 39 2940 3949
D 36 2941 2 37 38 39 5
L 41 2938 3948
D 40 2937 2 33 41 35 18
D 31 2939 2 32 36 40 5
L 44 2934 3946
D 43 2933 2 26 44 28 18
D 42 2931 2 21 43 29 18
D 19 2935 2 20 31 42 5
L 47 2798 -36
D 46 2797 2 15 47 13 5
D 45 2795 2 8 46 16 5
L 51 2942 -3950
D 50 2941 2 39 51 37 5
D 49 2939 2 32 50 40 5
D 48 2935 2 20 49 42 5
D 53 2793 2 9 17 11 5
D 54 2797 2 13 47 15 5
D 55 2793 2 9 10 11 18
D 52 2795 2 53 54 55 5
D 58 2937 2 33 41 35 5
D 59 2941 2 37 51 39 5
D 60 2937 2 33 34 35 18
D 57 2939 2 58 59 60 5
D 56 2935 2 20 57 42 5
D 62 2793 2 11 10 9 5
D 63 2793 2 11 17 9 18
D 61 2795 2 62 54 63 5
D 66 2937 2 35 34 33 5
D 67 2937 2 35 41 33 18
D 65 2939 2 66 59 67 5
D 64 2935 2 20 65 42 5
D 69 2797 2 13 47 15 14
D 70 2793 2 11 10 9 17
D 71 2797 2 13 14 15 18
D 72 2793 2 11 17 9 5
D 68 2795 3 8 69 70 71 72 18
D 6 2799 5 7 19 45 48 52 56 61 64 68 5
L 74 2314 -38
D 73 2313 2 4 74 2 5
D 78 2933 2 26 44 28 5
D 77 2931 2 21 78 29 5
D 79 2939 2 32 59 40 5
D 81 2933 2 26 27 28 18
D 80 2931 2 21 81 29 18
D 76 2935 2 77 79 80 5
D 84 2933 2 28 27 26 5
D 83 2931 2 21 84 29 5
D 86 2933 2 28 44 26 18
D 85 2931 2 21 86 29 18
D 82 2935 2 83 79 85 5
D 89 2929 2 22 30 24 5
D 90 2929 2 22 23 24 18
D 88 2931 2 89 25 90 5
D 91 2931 2 89 43 90 18
D 87 2935 2 88 79 91 5
D 94 2929 2 24 23 22 5
D 95 2929 2 24 30 22 18
D 93 2931 2 94 25 95 5
D 96 2931 2 94 43 95 18
D 92 2935 2 93 79 96 5
D 75 2799 5 7 76 45 82 52 87 61 92 68 5
D 97 2313 2 2 74 4 3
D 0 2315 3 1 6 73 75 97 5
