c ids of sdd nodes start at 0
c sdd nodes appear bottom-up, children before parents
c
c file syntax:
c sdd count-of-sdd-nodes
c F id-of-false-sdd-node
c T id-of-true-sdd-node
c L id-of-literal-sdd-node id-of-vtree literal
c D id-of-decomposition-sdd-node id-of-vtree number-of-elements {id-of-prime id-of-sub}*
c
sdd 98
L 2 1640 -83
L 3 1642 84
L 4 1640 83
F 5
D 1 1641 2 2 3 4 5
L 9 2128 -79
L 10 2130 -80
L 11 2128 79
D 8 2129 2 9 10 11 5
L 13 2132 -81
L 14 2134 82
L 15 2132 81
D 12 2133 2 13 14 15 5
L 17 2130 80
T 18
D 16 2129 2 9 17 11 18
D 7 2131 2 8 12 16 5
L 22 2224 -3959
L 23 2226 -3960
L 24 2224 3959
D 21 2225 2 22 23 24 5
L 26 2228 -3961
L 27 2230 -3962
L 28 2228 3961
D 25 2229 2 26 27 28 5
L 30 2226 3960
D 29 2225 2 22 30 24 18
D 20 2227 2 21 25 29 5
L 33 2232 -3963
L 34 2234 -3964
L 35 2232 3963
D 32 2233 2 33 34 35 5
L 37 2236 -3965
L 38 2238 3966
L 39 2236 3965
D 36 2237 2 37 38 39 5
L 41 2234 3964
D 40 2233 2 33 41 35 18
D 31 2235 2 32 36 40 5
L 44 2230 3962
D 43 2229 2 26 44 28 18
D 42 2227 2 21 43 29 18
D 19 2231 2 20 31 42 5
L 47 2134 -82
D 46 2133 2 15 47 13 5
D 45 2131 2 8 46 16 5
D 50 2233 2 33 41 35 5
L 52 2238 -3966
D 51 2237 2 37 52 39 5
D 53 2233 2 33 34 35 18
D 49 2235 2 50 51 53 5
D 48 2231 2 20 49 42 5
D 55 2129 2 9 17 11 5
D 56 2133 2 13 47 15 5
D 57 2129 2 9 10 11 18
D 54 2131 2 55 56 57 5
D 60 2229 2 26 44 28 5
D 59 2227 2 21 60 29 5
D 61 2235 2 32 51 40 5
D 63 2229 2 26 27 28 18
D 62 2227 2 21 63 29 18
D 58 2231 2 59 61 62 5
D 65 2129 2 11 10 9 5
D 66 2129 2 11 17 9 18
D 64 2131 2 65 56 66 5
D 69 2225 2 22 30 24 5
D 70 2225 2 22 23 24 18
D 68 2227 2 69 25 70 5
D 71 2227 2 69 43 70 18
D 67 2231 2 68 61 71 5
D 73 2133 2 13 47 15 14
D 74 2129 2 11 10 9 17
D 75 2133 2 13 14 15 18
D 76 2129 2 11 17 9 5
D 72 2131 3 8 73 74 75 76 18
D 6 2135 5 7 19 45 48 54 58 64 67 72 5
L 78 1642 -84
D 77 1641 2 4 78 2 5
D 82 2237 2 39 52 37 5
D 81 2235 2 32 82 40 5
D 80 2231 2 20 81 42 5
D 85 2233 2 35 34 33 5
D 86 2233 2 35 41 33 18
D 84 2235 2 85 51 86 5
D 83 2231 2 20 84 42 5
D 89 2229 2 28 27 26 5
D 88 2227 2 21 89 29 5
D 91 2229 2 28 44 26 18
D 90 2227 2 21 91 29 18
D 87 2231 2 88 61 90 5
D 94 2225 2 24 23 22 5
D 95 2225 2 24 30 22 18
D 93 2227 2 94 25 95 5
D 96 2227 2 94 43 95 18
D 92 2231 2 93 61 96 5
D 79 2135 5 7 80 45 83 54 87 64 92 72 5
D 97 1641 2 2 78 4 3
D 0 1643 3 1 6 77 79 97 5
