c ids of sdd nodes start at 0
c sdd nodes appear bottom-up, children before parents
c
c file syntax:
c sdd count-of-sdd-nodes
c F id-of-false-sdd-node
c T id-of-true-sdd-node
c L id-of-literal-sdd-node id-of-vtree literal
c D id-of-decomposition-sdd-node id-of-vtree number-of-elements {id-of-prime id-of-sub}*
c
sdd 100
L 3 600 -151
L 4 602 -152
L 5 600 151
F 6
D 2 601 2 3 4 5 6
L 8 604 -153
L 9 606 154
L 10 604 153
D 7 605 2 8 9 10 6
L 12 602 152
T 13
D 11 601 2 3 12 5 13
D 1 603 2 2 7 11 6
L 16 4880 -139
L 17 4882 140
L 18 4880 139
D 15 4881 2 16 17 18 6
L 22 5028 -3967
L 23 5030 -3968
L 24 5028 3967
D 21 5029 2 22 23 24 6
L 26 5032 -3969
L 27 5034 -3970
L 28 5032 3969
D 25 5033 2 26 27 28 6
L 30 5030 3968
D 29 5029 2 22 30 24 13
D 20 5031 2 21 25 29 6
L 33 5036 -3971
L 34 5038 -3972
L 35 5036 3971
D 32 5037 2 33 34 35 6
L 37 5040 -3973
L 38 5042 3974
L 39 5040 3973
D 36 5041 2 37 38 39 6
L 41 5038 3972
D 40 5037 2 33 41 35 13
D 31 5039 2 32 36 40 6
L 44 5034 3970
D 43 5033 2 26 44 28 13
D 42 5031 2 21 43 29 13
D 19 5035 2 20 31 42 6
L 46 4882 -140
D 45 4881 2 18 46 16 6
L 50 5042 -3974
D 49 5041 2 39 50 37 6
D 48 5039 2 32 49 40 6
D 47 5035 2 20 48 42 6
D 51 4881 2 16 46 18 17
D 14 4883 3 15 19 45 47 51 6
L 54 606 -154
D 53 605 2 10 54 8 6
D 52 603 2 2 53 11 6
D 58 5037 2 33 41 35 6
D 59 5041 2 37 50 39 6
D 60 5037 2 33 34 35 13
D 57 5039 2 58 59 60 6
D 56 5035 2 20 57 42 6
D 63 5037 2 35 34 33 6
D 64 5037 2 35 41 33 13
D 62 5039 2 63 59 64 6
D 61 5035 2 20 62 42 6
D 55 4883 3 15 56 45 61 51 6
D 66 601 2 3 12 5 6
D 67 605 2 8 54 10 6
D 68 601 2 3 4 5 13
D 65 603 2 66 67 68 6
D 72 5033 2 26 44 28 6
D 71 5031 2 21 72 29 6
D 73 5039 2 32 59 40 6
D 75 5033 2 26 27 28 13
D 74 5031 2 21 75 29 13
D 70 5035 2 71 73 74 6
D 78 5033 2 28 27 26 6
D 77 5031 2 21 78 29 6
D 80 5033 2 28 44 26 13
D 79 5031 2 21 80 29 13
D 76 5035 2 77 73 79 6
D 69 4883 3 15 70 45 76 51 6
D 82 601 2 5 4 3 6
D 83 601 2 5 12 3 13
D 81 603 2 82 67 83 6
D 87 5029 2 22 30 24 6
D 88 5029 2 22 23 24 13
D 86 5031 2 87 25 88 6
D 89 5031 2 87 43 88 13
D 85 5035 2 86 73 89 6
D 92 5029 2 24 23 22 6
D 93 5029 2 24 30 22 13
D 91 5031 2 92 25 93 6
D 94 5031 2 92 43 93 13
D 90 5035 2 91 73 94 6
D 84 4883 3 15 85 45 90 51 6
D 96 605 2 8 54 10 9
D 97 601 2 5 4 3 12
D 98 605 2 8 9 10 13
D 99 601 2 5 12 3 6
D 95 603 3 2 96 97 98 99 13
D 0 607 5 1 14 52 55 65 69 81 84 95 6
