c ids of sdd nodes start at 0
c sdd nodes appear bottom-up, children before parents
c
c file syntax:
c sdd count-of-sdd-nodes
c F id-of-false-sdd-node
c T id-of-true-sdd-node
c L id-of-literal-sdd-node id-of-vtree literal
c D id-of-decomposition-sdd-node id-of-vtree number-of-elements {id-of-prime id-of-sub}*
c
sdd 98
L 2 7440 -225
L 3 7442 226
L 4 7440 225
F 5
D 1 7441 2 2 3 4 5
L 9 7840 -207
L 10 7842 -208
L 11 7840 207
D 8 7841 2 9 10 11 5
L 13 7844 -209
L 14 7846 210
L 15 7844 209
D 12 7845 2 13 14 15 5
L 17 7842 208
T 18
D 16 7841 2 9 17 11 18
D 7 7843 2 8 12 16 5
L 22 7976 -4007
L 23 7978 -4008
L 24 7976 4007
D 21 7977 2 22 23 24 5
L 26 7980 -4009
L 27 7982 -4010
L 28 7980 4009
D 25 7981 2 26 27 28 5
L 30 7978 4008
D 29 7977 2 22 30 24 18
D 20 7979 2 21 25 29 5
L 33 7984 -4011
L 34 7986 -4012
L 35 7984 4011
D 32 7985 2 33 34 35 5
L 37 7988 -4013
L 38 7990 4014
L 39 7988 4013
D 36 7989 2 37 38 39 5
L 41 7986 4012
D 40 7985 2 33 41 35 18
D 31 7987 2 32 36 40 5
L 44 7982 4010
D 43 7981 2 26 44 28 18
D 42 7979 2 21 43 29 18
D 19 7983 2 20 31 42 5
L 47 7846 -210
D 46 7845 2 15 47 13 5
D 45 7843 2 8 46 16 5
L 51 7990 -4014
D 50 7989 2 39 51 37 5
D 49 7987 2 32 50 40 5
D 48 7983 2 20 49 42 5
D 53 7841 2 9 17 11 5
D 54 7845 2 13 47 15 5
D 55 7841 2 9 10 11 18
D 52 7843 2 53 54 55 5
D 58 7985 2 33 41 35 5
D 59 7989 2 37 51 39 5
D 60 7985 2 33 34 35 18
D 57 7987 2 58 59 60 5
D 56 7983 2 20 57 42 5
D 62 7841 2 11 10 9 5
D 63 7841 2 11 17 9 18
D 61 7843 2 62 54 63 5
D 66 7985 2 35 34 33 5
D 67 7985 2 35 41 33 18
D 65 7987 2 66 59 67 5
D 64 7983 2 20 65 42 5
D 69 7845 2 13 47 15 14
D 70 7841 2 11 10 9 17
D 71 7845 2 13 14 15 18
D 72 7841 2 11 17 9 5
D 68 7843 3 8 69 70 71 72 18
D 6 7847 5 7 19 45 48 52 56 61 64 68 5
L 74 7442 -226
D 73 7441 2 4 74 2 5
D 78 7981 2 26 44 28 5
D 77 7979 2 21 78 29 5
D 79 7987 2 32 59 40 5
D 81 7981 2 26 27 28 18
D 80 7979 2 21 81 29 18
D 76 7983 2 77 79 80 5
D 84 7981 2 28 27 26 5
D 83 7979 2 21 84 29 5
D 86 7981 2 28 44 26 18
D 85 7979 2 21 86 29 18
D 82 7983 2 83 79 85 5
D 89 7977 2 22 30 24 5
D 90 7977 2 22 23 24 18
D 88 7979 2 89 25 90 5
D 91 7979 2 89 43 90 18
D 87 7983 2 88 79 91 5
D 94 7977 2 24 23 22 5
D 95 7977 2 24 30 22 18
D 93 7979 2 94 25 95 5
D 96 7979 2 94 43 95 18
D 92 7983 2 93 79 96 5
D 75 7847 5 7 76 45 82 52 87 61 92 68 5
D 97 7441 2 2 74 4 3
D 0 7443 3 1 6 73 75 97 5
