c ids of sdd nodes start at 0
c sdd nodes appear bottom-up, children before parents
c
c file syntax:
c sdd count-of-sdd-nodes
c F id-of-false-sdd-node
c T id-of-true-sdd-node
c L id-of-literal-sdd-node id-of-vtree literal
c D id-of-decomposition-sdd-node id-of-vtree number-of-elements {id-of-prime id-of-sub}*
c
sdd 100
L 3 2632 -25
L 4 2634 -26
L 5 2632 25
F 6
D 2 2633 2 3 4 5 6
L 8 2636 -27
L 9 2638 28
L 10 2636 27
D 7 2637 2 8 9 10 6
L 12 2634 26
T 13
D 11 2633 2 3 12 5 13
D 1 2635 2 2 7 11 6
L 16 3656 -47
L 17 3658 48
L 18 3656 47
D 15 3657 2 16 17 18 6
L 22 3748 -4039
L 23 3750 -4040
L 24 3748 4039
D 21 3749 2 22 23 24 6
L 26 3752 -4041
L 27 3754 -4042
L 28 3752 4041
D 25 3753 2 26 27 28 6
L 30 3750 4040
D 29 3749 2 22 30 24 13
D 20 3751 2 21 25 29 6
L 33 3756 -4043
L 34 3758 -4044
L 35 3756 4043
D 32 3757 2 33 34 35 6
L 37 3760 -4045
L 38 3762 4046
L 39 3760 4045
D 36 3761 2 37 38 39 6
L 41 3758 4044
D 40 3757 2 33 41 35 13
D 31 3759 2 32 36 40 6
L 44 3754 4042
D 43 3753 2 26 44 28 13
D 42 3751 2 21 43 29 13
D 19 3755 2 20 31 42 6
L 46 3658 -48
D 45 3657 2 18 46 16 6
D 49 3753 2 26 44 28 6
D 48 3751 2 21 49 29 6
L 52 3762 -4046
D 51 3761 2 37 52 39 6
D 50 3759 2 32 51 40 6
D 54 3753 2 26 27 28 13
D 53 3751 2 21 54 29 13
D 47 3755 2 48 50 53 6
D 55 3657 2 16 46 18 17
D 14 3659 3 15 19 45 47 55 6
L 58 2638 -28
D 57 2637 2 10 58 8 6
D 56 2635 2 2 57 11 6
D 62 3761 2 39 52 37 6
D 61 3759 2 32 62 40 6
D 60 3755 2 20 61 42 6
D 65 3753 2 28 27 26 6
D 64 3751 2 21 65 29 6
D 67 3753 2 28 44 26 13
D 66 3751 2 21 67 29 13
D 63 3755 2 64 50 66 6
D 59 3659 3 15 60 45 63 55 6
D 69 2633 2 3 12 5 6
D 70 2637 2 8 58 10 6
D 71 2633 2 3 4 5 13
D 68 2635 2 69 70 71 6
D 75 3757 2 33 41 35 6
D 76 3757 2 33 34 35 13
D 74 3759 2 75 51 76 6
D 73 3755 2 20 74 42 6
D 79 3749 2 22 30 24 6
D 80 3749 2 22 23 24 13
D 78 3751 2 79 25 80 6
D 81 3751 2 79 43 80 13
D 77 3755 2 78 50 81 6
D 72 3659 3 15 73 45 77 55 6
D 83 2633 2 5 4 3 6
D 84 2633 2 5 12 3 13
D 82 2635 2 83 70 84 6
D 88 3757 2 35 34 33 6
D 89 3757 2 35 41 33 13
D 87 3759 2 88 51 89 6
D 86 3755 2 20 87 42 6
D 92 3749 2 24 23 22 6
D 93 3749 2 24 30 22 13
D 91 3751 2 92 25 93 6
D 94 3751 2 92 43 93 13
D 90 3755 2 91 50 94 6
D 85 3659 3 15 86 45 90 55 6
D 96 2637 2 8 58 10 9
D 97 2633 2 5 4 3 12
D 98 2637 2 8 9 10 13
D 99 2633 2 5 12 3 6
D 95 2635 3 2 96 97 98 99 13
D 0 2639 5 1 14 56 59 68 72 82 85 95 6
