c ids of sdd nodes start at 0
c sdd nodes appear bottom-up, children before parents
c
c file syntax:
c sdd count-of-sdd-nodes
c F id-of-false-sdd-node
c T id-of-true-sdd-node
c L id-of-literal-sdd-node id-of-vtree literal
c D id-of-decomposition-sdd-node id-of-vtree number-of-elements {id-of-prime id-of-sub}*
c
sdd 214
L 3 7512 -229
L 4 7514 -230
L 5 7512 229
F 6
D 2 7513 2 3 4 5 6
L 8 7516 -231
L 9 7518 232
L 10 7516 231
D 7 7517 2 8 9 10 6
L 12 7514 230
T 13
D 11 7513 2 3 12 5 13
D 1 7515 2 2 7 11 6
L 17 9016 -251
L 18 9018 -252
L 19 9016 251
D 16 9017 2 17 18 19 6
L 21 9020 -253
L 22 9022 254
L 23 9020 253
D 20 9021 2 21 22 23 6
L 25 9018 252
D 24 9017 2 17 25 19 13
D 15 9019 2 16 20 24 6
L 30 9040 -671
L 31 9042 -672
L 32 9040 671
D 29 9041 2 30 31 32 6
L 34 9044 -673
L 35 9046 -674
L 36 9044 673
D 33 9045 2 34 35 36 6
L 38 9042 672
D 37 9041 2 30 38 32 13
D 28 9043 2 29 33 37 6
L 41 9048 -675
L 42 9050 -676
L 43 9048 675
D 40 9049 2 41 42 43 6
L 45 9052 -677
L 46 9054 -678
L 47 9052 677
D 44 9053 2 45 46 47 6
L 49 9050 676
D 48 9049 2 41 49 43 13
D 39 9051 2 40 44 48 6
L 52 9046 674
D 51 9045 2 34 52 36 13
D 50 9043 2 29 51 37 13
D 27 9047 2 28 39 50 6
L 56 9056 -679
L 57 9058 -680
L 58 9056 679
D 55 9057 2 56 57 58 6
L 60 9060 -681
L 61 9062 -682
L 62 9060 681
D 59 9061 2 60 61 62 6
L 64 9058 680
D 63 9057 2 56 64 58 13
D 54 9059 2 55 59 63 6
L 67 9064 -683
L 68 9066 -684
L 69 9064 683
D 66 9065 2 67 68 69 6
L 71 9068 -685
L 72 9070 686
L 73 9068 685
D 70 9069 2 71 72 73 6
L 75 9066 684
D 74 9065 2 67 75 69 13
D 65 9067 2 66 70 74 6
L 78 9062 682
D 77 9061 2 60 78 62 13
D 76 9059 2 55 77 63 13
D 53 9063 2 54 65 76 6
L 82 9054 678
D 81 9053 2 45 82 47 13
D 80 9051 2 40 81 48 13
D 79 9047 2 28 80 50 13
D 26 9055 2 27 53 79 6
L 85 9022 -254
D 84 9021 2 23 85 21 6
D 83 9019 2 16 84 24 6
L 90 9070 -686
D 89 9069 2 73 90 71 6
D 88 9067 2 66 89 74 6
D 87 9063 2 54 88 76 6
D 86 9055 2 27 87 79 6
D 92 9017 2 17 25 19 6
D 93 9021 2 21 85 23 6
D 94 9017 2 17 18 19 13
D 91 9019 2 92 93 94 6
D 98 9065 2 67 75 69 6
D 99 9069 2 71 90 73 6
D 100 9065 2 67 68 69 13
D 97 9067 2 98 99 100 6
D 96 9063 2 54 97 76 6
D 95 9055 2 27 96 79 6
D 102 9017 2 19 18 17 6
D 103 9017 2 19 25 17 13
D 101 9019 2 102 93 103 6
D 107 9065 2 69 68 67 6
D 108 9065 2 69 75 67 13
D 106 9067 2 107 99 108 6
D 105 9063 2 54 106 76 6
D 104 9055 2 27 105 79 6
D 110 9021 2 21 85 23 22
D 111 9017 2 19 18 17 25
D 112 9021 2 21 22 23 13
D 113 9017 2 19 25 17 6
D 109 9019 3 16 110 111 112 113 13
D 14 9023 5 15 26 83 86 91 95 101 104 109 6
L 116 7518 -232
D 115 7517 2 10 116 8 6
D 114 7515 2 2 115 11 6
D 121 9061 2 60 78 62 6
D 120 9059 2 55 121 63 6
D 122 9067 2 66 99 74 6
D 124 9061 2 60 61 62 13
D 123 9059 2 55 124 63 13
D 119 9063 2 120 122 123 6
D 118 9055 2 27 119 79 6
D 128 9061 2 62 61 60 6
D 127 9059 2 55 128 63 6
D 130 9061 2 62 78 60 13
D 129 9059 2 55 130 63 13
D 126 9063 2 127 122 129 6
D 125 9055 2 27 126 79 6
D 134 9057 2 56 64 58 6
D 135 9057 2 56 57 58 13
D 133 9059 2 134 59 135 6
D 136 9059 2 134 77 135 13
D 132 9063 2 133 122 136 6
D 131 9055 2 27 132 79 6
D 140 9057 2 58 57 56 6
D 141 9057 2 58 64 56 13
D 139 9059 2 140 59 141 6
D 142 9059 2 140 77 141 13
D 138 9063 2 139 122 142 6
D 137 9055 2 27 138 79 6
D 117 9023 5 15 118 83 125 91 131 101 137 109 6
D 144 7513 2 3 12 5 6
D 145 7517 2 8 116 10 6
D 146 7513 2 3 4 5 13
D 143 7515 2 144 145 146 6
D 151 9053 2 45 82 47 6
D 150 9051 2 40 151 48 6
D 149 9047 2 28 150 50 6
D 152 9063 2 54 122 76 6
D 155 9053 2 45 46 47 13
D 154 9051 2 40 155 48 13
D 153 9047 2 28 154 50 13
D 148 9055 2 149 152 153 6
D 159 9053 2 47 46 45 6
D 158 9051 2 40 159 48 6
D 157 9047 2 28 158 50 6
D 162 9053 2 47 82 45 13
D 161 9051 2 40 162 48 13
D 160 9047 2 28 161 50 13
D 156 9055 2 157 152 160 6
D 166 9049 2 41 49 43 6
D 167 9049 2 41 42 43 13
D 165 9051 2 166 44 167 6
D 164 9047 2 28 165 50 6
D 169 9051 2 166 81 167 13
D 168 9047 2 28 169 50 13
D 163 9055 2 164 152 168 6
D 173 9049 2 43 42 41 6
D 174 9049 2 43 49 41 13
D 172 9051 2 173 44 174 6
D 171 9047 2 28 172 50 6
D 176 9051 2 173 81 174 13
D 175 9047 2 28 176 50 13
D 170 9055 2 171 152 175 6
D 147 9023 5 15 148 83 156 91 163 101 170 109 6
D 178 7513 2 5 4 3 6
D 179 7513 2 5 12 3 13
D 177 7515 2 178 145 179 6
D 184 9045 2 34 52 36 6
D 183 9043 2 29 184 37 6
D 186 9045 2 34 35 36 13
D 185 9043 2 29 186 37 13
D 182 9047 2 183 39 185 6
D 187 9047 2 183 80 185 13
D 181 9055 2 182 152 187 6
D 191 9045 2 36 35 34 6
D 190 9043 2 29 191 37 6
D 193 9045 2 36 52 34 13
D 192 9043 2 29 193 37 13
D 189 9047 2 190 39 192 6
D 194 9047 2 190 80 192 13
D 188 9055 2 189 152 194 6
D 198 9041 2 30 38 32 6
D 199 9041 2 30 31 32 13
D 197 9043 2 198 33 199 6
D 200 9043 2 198 51 199 13
D 196 9047 2 197 39 200 6
D 201 9047 2 197 80 200 13
D 195 9055 2 196 152 201 6
D 205 9041 2 32 31 30 6
D 206 9041 2 32 38 30 13
D 204 9043 2 205 33 206 6
D 207 9043 2 205 51 206 13
D 203 9047 2 204 39 207 6
D 208 9047 2 204 80 207 13
D 202 9055 2 203 152 208 6
D 180 9023 5 15 181 83 188 91 195 101 202 109 6
D 210 7517 2 8 116 10 9
D 211 7513 2 5 4 3 12
D 212 7517 2 8 9 10 13
D 213 7513 2 5 12 3 6
D 209 7515 3 2 210 211 212 213 13
D 0 7519 5 1 14 114 117 143 147 177 180 209 6
