c ids of sdd nodes start at 0
c sdd nodes appear bottom-up, children before parents
c
c file syntax:
c sdd count-of-sdd-nodes
c F id-of-false-sdd-node
c T id-of-true-sdd-node
c L id-of-literal-sdd-node id-of-vtree literal
c D id-of-decomposition-sdd-node id-of-vtree number-of-elements {id-of-prime id-of-sub}*
c
sdd 100
L 3 7512 -229
L 4 7514 -230
L 5 7512 229
F 6
D 2 7513 2 3 4 5 6
L 8 7516 -231
L 9 7518 232
L 10 7516 231
D 7 7517 2 8 9 10 6
L 12 7514 230
T 13
D 11 7513 2 3 12 5 13
D 1 7515 2 2 7 11 6
L 16 8872 -233
L 17 8874 234
L 18 8872 233
D 15 8873 2 16 17 18 6
L 22 8988 -4107
L 23 8990 -4108
L 24 8988 4107
D 21 8989 2 22 23 24 6
L 26 8992 -4109
L 27 8994 -4110
L 28 8992 4109
D 25 8993 2 26 27 28 6
L 30 8990 4108
D 29 8989 2 22 30 24 13
D 20 8991 2 21 25 29 6
L 33 8996 -4111
L 34 8998 -4112
L 35 8996 4111
D 32 8997 2 33 34 35 6
L 37 9000 -4113
L 38 9002 4114
L 39 9000 4113
D 36 9001 2 37 38 39 6
L 41 8998 4112
D 40 8997 2 33 41 35 13
D 31 8999 2 32 36 40 6
L 44 8994 4110
D 43 8993 2 26 44 28 13
D 42 8991 2 21 43 29 13
D 19 8995 2 20 31 42 6
L 46 8874 -234
D 45 8873 2 18 46 16 6
D 49 8993 2 26 44 28 6
D 48 8991 2 21 49 29 6
L 52 9002 -4114
D 51 9001 2 37 52 39 6
D 50 8999 2 32 51 40 6
D 54 8993 2 26 27 28 13
D 53 8991 2 21 54 29 13
D 47 8995 2 48 50 53 6
D 55 8873 2 16 46 18 17
D 14 8875 3 15 19 45 47 55 6
L 58 7518 -232
D 57 7517 2 10 58 8 6
D 56 7515 2 2 57 11 6
D 62 9001 2 39 52 37 6
D 61 8999 2 32 62 40 6
D 60 8995 2 20 61 42 6
D 65 8993 2 28 27 26 6
D 64 8991 2 21 65 29 6
D 67 8993 2 28 44 26 13
D 66 8991 2 21 67 29 13
D 63 8995 2 64 50 66 6
D 59 8875 3 15 60 45 63 55 6
D 69 7513 2 3 12 5 6
D 70 7517 2 8 58 10 6
D 71 7513 2 3 4 5 13
D 68 7515 2 69 70 71 6
D 75 8997 2 33 41 35 6
D 76 8997 2 33 34 35 13
D 74 8999 2 75 51 76 6
D 73 8995 2 20 74 42 6
D 79 8989 2 22 30 24 6
D 80 8989 2 22 23 24 13
D 78 8991 2 79 25 80 6
D 81 8991 2 79 43 80 13
D 77 8995 2 78 50 81 6
D 72 8875 3 15 73 45 77 55 6
D 83 7513 2 5 4 3 6
D 84 7513 2 5 12 3 13
D 82 7515 2 83 70 84 6
D 88 8997 2 35 34 33 6
D 89 8997 2 35 41 33 13
D 87 8999 2 88 51 89 6
D 86 8995 2 20 87 42 6
D 92 8989 2 24 23 22 6
D 93 8989 2 24 30 22 13
D 91 8991 2 92 25 93 6
D 94 8991 2 92 43 93 13
D 90 8995 2 91 50 94 6
D 85 8875 3 15 86 45 90 55 6
D 96 7517 2 8 58 10 9
D 97 7513 2 5 4 3 12
D 98 7517 2 8 9 10 13
D 99 7513 2 5 12 3 6
D 95 7515 3 2 96 97 98 99 13
D 0 7519 5 1 14 56 59 68 72 82 85 95 6
