c ids of sdd nodes start at 0
c sdd nodes appear bottom-up, children before parents
c
c file syntax:
c sdd count-of-sdd-nodes
c F id-of-false-sdd-node
c T id-of-true-sdd-node
c L id-of-literal-sdd-node id-of-vtree literal
c D id-of-decomposition-sdd-node id-of-vtree number-of-elements {id-of-prime id-of-sub}*
c
sdd 100
L 3 7136 -215
L 4 7138 -216
L 5 7136 215
F 6
D 2 7137 2 3 4 5 6
L 8 7140 -217
L 9 7142 218
L 10 7140 217
D 7 7141 2 8 9 10 6
L 12 7138 216
T 13
D 11 7137 2 3 12 5 13
D 1 7139 2 2 7 11 6
L 16 8384 -243
L 17 8386 244
L 18 8384 243
D 15 8385 2 16 17 18 6
L 22 8452 -4115
L 23 8454 -4116
L 24 8452 4115
D 21 8453 2 22 23 24 6
L 26 8456 -4117
L 27 8458 -4118
L 28 8456 4117
D 25 8457 2 26 27 28 6
L 30 8454 4116
D 29 8453 2 22 30 24 13
D 20 8455 2 21 25 29 6
L 33 8460 -4119
L 34 8462 -4120
L 35 8460 4119
D 32 8461 2 33 34 35 6
L 37 8464 -4121
L 38 8466 4122
L 39 8464 4121
D 36 8465 2 37 38 39 6
L 41 8462 4120
D 40 8461 2 33 41 35 13
D 31 8463 2 32 36 40 6
L 44 8458 4118
D 43 8457 2 26 44 28 13
D 42 8455 2 21 43 29 13
D 19 8459 2 20 31 42 6
L 46 8386 -244
D 45 8385 2 18 46 16 6
L 50 8466 -4122
D 49 8465 2 39 50 37 6
D 48 8463 2 32 49 40 6
D 47 8459 2 20 48 42 6
D 51 8385 2 16 46 18 17
D 14 8387 3 15 19 45 47 51 6
L 54 7142 -218
D 53 7141 2 10 54 8 6
D 52 7139 2 2 53 11 6
D 58 8461 2 33 41 35 6
D 59 8465 2 37 50 39 6
D 60 8461 2 33 34 35 13
D 57 8463 2 58 59 60 6
D 56 8459 2 20 57 42 6
D 63 8461 2 35 34 33 6
D 64 8461 2 35 41 33 13
D 62 8463 2 63 59 64 6
D 61 8459 2 20 62 42 6
D 55 8387 3 15 56 45 61 51 6
D 66 7137 2 3 12 5 6
D 67 7141 2 8 54 10 6
D 68 7137 2 3 4 5 13
D 65 7139 2 66 67 68 6
D 72 8457 2 26 44 28 6
D 71 8455 2 21 72 29 6
D 73 8463 2 32 59 40 6
D 75 8457 2 26 27 28 13
D 74 8455 2 21 75 29 13
D 70 8459 2 71 73 74 6
D 78 8457 2 28 27 26 6
D 77 8455 2 21 78 29 6
D 80 8457 2 28 44 26 13
D 79 8455 2 21 80 29 13
D 76 8459 2 77 73 79 6
D 69 8387 3 15 70 45 76 51 6
D 82 7137 2 5 4 3 6
D 83 7137 2 5 12 3 13
D 81 7139 2 82 67 83 6
D 87 8453 2 22 30 24 6
D 88 8453 2 22 23 24 13
D 86 8455 2 87 25 88 6
D 89 8455 2 87 43 88 13
D 85 8459 2 86 73 89 6
D 92 8453 2 24 23 22 6
D 93 8453 2 24 30 22 13
D 91 8455 2 92 25 93 6
D 94 8455 2 92 43 93 13
D 90 8459 2 91 73 94 6
D 84 8387 3 15 85 45 90 51 6
D 96 7141 2 8 54 10 9
D 97 7137 2 5 4 3 12
D 98 7141 2 8 9 10 13
D 99 7137 2 5 12 3 6
D 95 7139 3 2 96 97 98 99 13
D 0 7143 5 1 14 52 55 65 69 81 84 95 6
