c ids of sdd nodes start at 0
c sdd nodes appear bottom-up, children before parents
c
c file syntax:
c sdd count-of-sdd-nodes
c F id-of-false-sdd-node
c T id-of-true-sdd-node
c L id-of-literal-sdd-node id-of-vtree literal
c D id-of-decomposition-sdd-node id-of-vtree number-of-elements {id-of-prime id-of-sub}*
c
sdd 98
L 2 7440 -225
L 3 7442 226
L 4 7440 225
F 5
D 1 7441 2 2 3 4 5
L 9 8496 -237
L 10 8498 -238
L 11 8496 237
D 8 8497 2 9 10 11 5
L 13 8500 -239
L 14 8502 240
L 15 8500 239
D 12 8501 2 13 14 15 5
L 17 8498 238
T 18
D 16 8497 2 9 17 11 18
D 7 8499 2 8 12 16 5
L 22 8696 -4131
L 23 8698 -4132
L 24 8696 4131
D 21 8697 2 22 23 24 5
L 26 8700 -4133
L 27 8702 -4134
L 28 8700 4133
D 25 8701 2 26 27 28 5
L 30 8698 4132
D 29 8697 2 22 30 24 18
D 20 8699 2 21 25 29 5
L 33 8704 -4135
L 34 8706 -4136
L 35 8704 4135
D 32 8705 2 33 34 35 5
L 37 8708 -4137
L 38 8710 4138
L 39 8708 4137
D 36 8709 2 37 38 39 5
L 41 8706 4136
D 40 8705 2 33 41 35 18
D 31 8707 2 32 36 40 5
L 44 8702 4134
D 43 8701 2 26 44 28 18
D 42 8699 2 21 43 29 18
D 19 8703 2 20 31 42 5
L 47 8502 -240
D 46 8501 2 15 47 13 5
D 45 8499 2 8 46 16 5
L 51 8710 -4138
D 50 8709 2 39 51 37 5
D 49 8707 2 32 50 40 5
D 48 8703 2 20 49 42 5
D 53 8497 2 9 17 11 5
D 54 8501 2 13 47 15 5
D 55 8497 2 9 10 11 18
D 52 8499 2 53 54 55 5
D 58 8705 2 33 41 35 5
D 59 8709 2 37 51 39 5
D 60 8705 2 33 34 35 18
D 57 8707 2 58 59 60 5
D 56 8703 2 20 57 42 5
D 62 8497 2 11 10 9 5
D 63 8497 2 11 17 9 18
D 61 8499 2 62 54 63 5
D 66 8705 2 35 34 33 5
D 67 8705 2 35 41 33 18
D 65 8707 2 66 59 67 5
D 64 8703 2 20 65 42 5
D 69 8501 2 13 47 15 14
D 70 8497 2 11 10 9 17
D 71 8501 2 13 14 15 18
D 72 8497 2 11 17 9 5
D 68 8499 3 8 69 70 71 72 18
D 6 8503 5 7 19 45 48 52 56 61 64 68 5
L 74 7442 -226
D 73 7441 2 4 74 2 5
D 78 8701 2 26 44 28 5
D 77 8699 2 21 78 29 5
D 79 8707 2 32 59 40 5
D 81 8701 2 26 27 28 18
D 80 8699 2 21 81 29 18
D 76 8703 2 77 79 80 5
D 84 8701 2 28 27 26 5
D 83 8699 2 21 84 29 5
D 86 8701 2 28 44 26 18
D 85 8699 2 21 86 29 18
D 82 8703 2 83 79 85 5
D 89 8697 2 22 30 24 5
D 90 8697 2 22 23 24 18
D 88 8699 2 89 25 90 5
D 91 8699 2 89 43 90 18
D 87 8703 2 88 79 91 5
D 94 8697 2 24 23 22 5
D 95 8697 2 24 30 22 18
D 93 8699 2 94 25 95 5
D 96 8699 2 94 43 95 18
D 92 8703 2 93 79 96 5
D 75 8503 5 7 76 45 82 52 87 61 92 68 5
D 97 7441 2 2 74 4 3
D 0 7443 3 1 6 73 75 97 5
