c ids of sdd nodes start at 0
c sdd nodes appear bottom-up, children before parents
c
c file syntax:
c sdd count-of-sdd-nodes
c F id-of-false-sdd-node
c T id-of-true-sdd-node
c L id-of-literal-sdd-node id-of-vtree literal
c D id-of-decomposition-sdd-node id-of-vtree number-of-elements {id-of-prime id-of-sub}*
c
sdd 214
L 3 2792 -33
L 4 2794 -34
L 5 2792 33
F 6
D 2 2793 2 3 4 5 6
L 8 2796 -35
L 9 2798 36
L 10 2796 35
D 7 2797 2 8 9 10 6
L 12 2794 34
T 13
D 11 2793 2 3 12 5 13
D 1 2795 2 2 7 11 6
L 17 2952 -51
L 18 2954 -52
L 19 2952 51
D 16 2953 2 17 18 19 6
L 21 2956 -53
L 22 2958 54
L 23 2956 53
D 20 2957 2 21 22 23 6
L 25 2954 52
D 24 2953 2 17 25 19 13
D 15 2955 2 16 20 24 6
L 30 3056 -4183
L 31 3058 -4184
L 32 3056 4183
D 29 3057 2 30 31 32 6
L 34 3060 -4185
L 35 3062 -4186
L 36 3060 4185
D 33 3061 2 34 35 36 6
L 38 3058 4184
D 37 3057 2 30 38 32 13
D 28 3059 2 29 33 37 6
L 41 3064 -4187
L 42 3066 -4188
L 43 3064 4187
D 40 3065 2 41 42 43 6
L 45 3068 -4189
L 46 3070 -4190
L 47 3068 4189
D 44 3069 2 45 46 47 6
L 49 3066 4188
D 48 3065 2 41 49 43 13
D 39 3067 2 40 44 48 6
L 52 3062 4186
D 51 3061 2 34 52 36 13
D 50 3059 2 29 51 37 13
D 27 3063 2 28 39 50 6
L 56 3072 -4191
L 57 3074 -4192
L 58 3072 4191
D 55 3073 2 56 57 58 6
L 60 3076 -4193
L 61 3078 -4194
L 62 3076 4193
D 59 3077 2 60 61 62 6
L 64 3074 4192
D 63 3073 2 56 64 58 13
D 54 3075 2 55 59 63 6
L 67 3080 -4195
L 68 3082 -4196
L 69 3080 4195
D 66 3081 2 67 68 69 6
L 71 3084 -4197
L 72 3086 4198
L 73 3084 4197
D 70 3085 2 71 72 73 6
L 75 3082 4196
D 74 3081 2 67 75 69 13
D 65 3083 2 66 70 74 6
L 78 3078 4194
D 77 3077 2 60 78 62 13
D 76 3075 2 55 77 63 13
D 53 3079 2 54 65 76 6
L 82 3070 4190
D 81 3069 2 45 82 47 13
D 80 3067 2 40 81 48 13
D 79 3063 2 28 80 50 13
D 26 3071 2 27 53 79 6
L 85 2958 -54
D 84 2957 2 23 85 21 6
D 83 2955 2 16 84 24 6
L 90 3086 -4198
D 89 3085 2 73 90 71 6
D 88 3083 2 66 89 74 6
D 87 3079 2 54 88 76 6
D 86 3071 2 27 87 79 6
D 92 2953 2 17 25 19 6
D 93 2957 2 21 85 23 6
D 94 2953 2 17 18 19 13
D 91 2955 2 92 93 94 6
D 98 3081 2 67 75 69 6
D 99 3085 2 71 90 73 6
D 100 3081 2 67 68 69 13
D 97 3083 2 98 99 100 6
D 96 3079 2 54 97 76 6
D 95 3071 2 27 96 79 6
D 102 2953 2 19 18 17 6
D 103 2953 2 19 25 17 13
D 101 2955 2 102 93 103 6
D 107 3081 2 69 68 67 6
D 108 3081 2 69 75 67 13
D 106 3083 2 107 99 108 6
D 105 3079 2 54 106 76 6
D 104 3071 2 27 105 79 6
D 110 2957 2 21 85 23 22
D 111 2953 2 19 18 17 25
D 112 2957 2 21 22 23 13
D 113 2953 2 19 25 17 6
D 109 2955 3 16 110 111 112 113 13
D 14 2959 5 15 26 83 86 91 95 101 104 109 6
L 116 2798 -36
D 115 2797 2 10 116 8 6
D 114 2795 2 2 115 11 6
D 121 3077 2 60 78 62 6
D 120 3075 2 55 121 63 6
D 122 3083 2 66 99 74 6
D 124 3077 2 60 61 62 13
D 123 3075 2 55 124 63 13
D 119 3079 2 120 122 123 6
D 118 3071 2 27 119 79 6
D 128 3077 2 62 61 60 6
D 127 3075 2 55 128 63 6
D 130 3077 2 62 78 60 13
D 129 3075 2 55 130 63 13
D 126 3079 2 127 122 129 6
D 125 3071 2 27 126 79 6
D 134 3073 2 56 64 58 6
D 135 3073 2 56 57 58 13
D 133 3075 2 134 59 135 6
D 136 3075 2 134 77 135 13
D 132 3079 2 133 122 136 6
D 131 3071 2 27 132 79 6
D 140 3073 2 58 57 56 6
D 141 3073 2 58 64 56 13
D 139 3075 2 140 59 141 6
D 142 3075 2 140 77 141 13
D 138 3079 2 139 122 142 6
D 137 3071 2 27 138 79 6
D 117 2959 5 15 118 83 125 91 131 101 137 109 6
D 144 2793 2 3 12 5 6
D 145 2797 2 8 116 10 6
D 146 2793 2 3 4 5 13
D 143 2795 2 144 145 146 6
D 151 3069 2 45 82 47 6
D 150 3067 2 40 151 48 6
D 149 3063 2 28 150 50 6
D 152 3079 2 54 122 76 6
D 155 3069 2 45 46 47 13
D 154 3067 2 40 155 48 13
D 153 3063 2 28 154 50 13
D 148 3071 2 149 152 153 6
D 159 3069 2 47 46 45 6
D 158 3067 2 40 159 48 6
D 157 3063 2 28 158 50 6
D 162 3069 2 47 82 45 13
D 161 3067 2 40 162 48 13
D 160 3063 2 28 161 50 13
D 156 3071 2 157 152 160 6
D 166 3065 2 41 49 43 6
D 167 3065 2 41 42 43 13
D 165 3067 2 166 44 167 6
D 164 3063 2 28 165 50 6
D 169 3067 2 166 81 167 13
D 168 3063 2 28 169 50 13
D 163 3071 2 164 152 168 6
D 173 3065 2 43 42 41 6
D 174 3065 2 43 49 41 13
D 172 3067 2 173 44 174 6
D 171 3063 2 28 172 50 6
D 176 3067 2 173 81 174 13
D 175 3063 2 28 176 50 13
D 170 3071 2 171 152 175 6
D 147 2959 5 15 148 83 156 91 163 101 170 109 6
D 178 2793 2 5 4 3 6
D 179 2793 2 5 12 3 13
D 177 2795 2 178 145 179 6
D 184 3061 2 34 52 36 6
D 183 3059 2 29 184 37 6
D 186 3061 2 34 35 36 13
D 185 3059 2 29 186 37 13
D 182 3063 2 183 39 185 6
D 187 3063 2 183 80 185 13
D 181 3071 2 182 152 187 6
D 191 3061 2 36 35 34 6
D 190 3059 2 29 191 37 6
D 193 3061 2 36 52 34 13
D 192 3059 2 29 193 37 13
D 189 3063 2 190 39 192 6
D 194 3063 2 190 80 192 13
D 188 3071 2 189 152 194 6
D 198 3057 2 30 38 32 6
D 199 3057 2 30 31 32 13
D 197 3059 2 198 33 199 6
D 200 3059 2 198 51 199 13
D 196 3063 2 197 39 200 6
D 201 3063 2 197 80 200 13
D 195 3071 2 196 152 201 6
D 205 3057 2 32 31 30 6
D 206 3057 2 32 38 30 13
D 204 3059 2 205 33 206 6
D 207 3059 2 205 51 206 13
D 203 3063 2 204 39 207 6
D 208 3063 2 204 80 207 13
D 202 3071 2 203 152 208 6
D 180 2959 5 15 181 83 188 91 195 101 202 109 6
D 210 2797 2 8 116 10 9
D 211 2793 2 5 4 3 12
D 212 2797 2 8 9 10 13
D 213 2793 2 5 12 3 6
D 209 2795 3 2 210 211 212 213 13
D 0 2799 5 1 14 114 117 143 147 177 180 209 6
