c ids of sdd nodes start at 0
c sdd nodes appear bottom-up, children before parents
c
c file syntax:
c sdd count-of-sdd-nodes
c F id-of-false-sdd-node
c T id-of-true-sdd-node
c L id-of-literal-sdd-node id-of-vtree literal
c D id-of-decomposition-sdd-node id-of-vtree number-of-elements {id-of-prime id-of-sub}*
c
sdd 100
L 3 7328 -221
L 4 7330 -222
L 5 7328 221
F 6
D 2 7329 2 3 4 5 6
L 8 7332 -223
L 9 7334 224
L 10 7332 223
D 7 7333 2 8 9 10 6
L 12 7330 222
T 13
D 11 7329 2 3 12 5 13
D 1 7331 2 2 7 11 6
L 16 8384 -243
L 17 8386 244
L 18 8384 243
D 15 8385 2 16 17 18 6
L 22 8468 -4199
L 23 8470 -4200
L 24 8468 4199
D 21 8469 2 22 23 24 6
L 26 8472 -4201
L 27 8474 -4202
L 28 8472 4201
D 25 8473 2 26 27 28 6
L 30 8470 4200
D 29 8469 2 22 30 24 13
D 20 8471 2 21 25 29 6
L 33 8476 -4203
L 34 8478 -4204
L 35 8476 4203
D 32 8477 2 33 34 35 6
L 37 8480 -4205
L 38 8482 4206
L 39 8480 4205
D 36 8481 2 37 38 39 6
L 41 8478 4204
D 40 8477 2 33 41 35 13
D 31 8479 2 32 36 40 6
L 44 8474 4202
D 43 8473 2 26 44 28 13
D 42 8471 2 21 43 29 13
D 19 8475 2 20 31 42 6
L 46 8386 -244
D 45 8385 2 18 46 16 6
L 50 8482 -4206
D 49 8481 2 39 50 37 6
D 48 8479 2 32 49 40 6
D 47 8475 2 20 48 42 6
D 51 8385 2 16 46 18 17
D 14 8387 3 15 19 45 47 51 6
L 54 7334 -224
D 53 7333 2 10 54 8 6
D 52 7331 2 2 53 11 6
D 58 8477 2 33 41 35 6
D 59 8481 2 37 50 39 6
D 60 8477 2 33 34 35 13
D 57 8479 2 58 59 60 6
D 56 8475 2 20 57 42 6
D 63 8477 2 35 34 33 6
D 64 8477 2 35 41 33 13
D 62 8479 2 63 59 64 6
D 61 8475 2 20 62 42 6
D 55 8387 3 15 56 45 61 51 6
D 66 7329 2 3 12 5 6
D 67 7333 2 8 54 10 6
D 68 7329 2 3 4 5 13
D 65 7331 2 66 67 68 6
D 72 8473 2 26 44 28 6
D 71 8471 2 21 72 29 6
D 73 8479 2 32 59 40 6
D 75 8473 2 26 27 28 13
D 74 8471 2 21 75 29 13
D 70 8475 2 71 73 74 6
D 78 8473 2 28 27 26 6
D 77 8471 2 21 78 29 6
D 80 8473 2 28 44 26 13
D 79 8471 2 21 80 29 13
D 76 8475 2 77 73 79 6
D 69 8387 3 15 70 45 76 51 6
D 82 7329 2 5 4 3 6
D 83 7329 2 5 12 3 13
D 81 7331 2 82 67 83 6
D 87 8469 2 22 30 24 6
D 88 8469 2 22 23 24 13
D 86 8471 2 87 25 88 6
D 89 8471 2 87 43 88 13
D 85 8475 2 86 73 89 6
D 92 8469 2 24 23 22 6
D 93 8469 2 24 30 22 13
D 91 8471 2 92 25 93 6
D 94 8471 2 92 43 93 13
D 90 8475 2 91 73 94 6
D 84 8387 3 15 85 45 90 51 6
D 96 7333 2 8 54 10 9
D 97 7329 2 5 4 3 12
D 98 7333 2 8 9 10 13
D 99 7329 2 5 12 3 6
D 95 7331 3 2 96 97 98 99 13
D 0 7335 5 1 14 52 55 65 69 81 84 95 6
