c ids of sdd nodes start at 0
c sdd nodes appear bottom-up, children before parents
c
c file syntax:
c sdd count-of-sdd-nodes
c F id-of-false-sdd-node
c T id-of-true-sdd-node
c L id-of-literal-sdd-node id-of-vtree literal
c D id-of-decomposition-sdd-node id-of-vtree number-of-elements {id-of-prime id-of-sub}*
c
sdd 100
L 3 4528 -141
L 4 4530 -142
L 5 4528 141
F 6
D 2 4529 2 3 4 5 6
L 8 4532 -143
L 9 4534 144
L 10 4532 143
D 7 4533 2 8 9 10 6
L 12 4530 142
T 13
D 11 4529 2 3 12 5 13
D 1 4531 2 2 7 11 6
L 16 5064 -157
L 17 5066 158
L 18 5064 157
D 15 5065 2 16 17 18 6
L 22 5212 -4211
L 23 5214 -4212
L 24 5212 4211
D 21 5213 2 22 23 24 6
L 26 5216 -4213
L 27 5218 -4214
L 28 5216 4213
D 25 5217 2 26 27 28 6
L 30 5214 4212
D 29 5213 2 22 30 24 13
D 20 5215 2 21 25 29 6
L 33 5220 -4215
L 34 5222 -4216
L 35 5220 4215
D 32 5221 2 33 34 35 6
L 37 5224 -4217
L 38 5226 4218
L 39 5224 4217
D 36 5225 2 37 38 39 6
L 41 5222 4216
D 40 5221 2 33 41 35 13
D 31 5223 2 32 36 40 6
L 44 5218 4214
D 43 5217 2 26 44 28 13
D 42 5215 2 21 43 29 13
D 19 5219 2 20 31 42 6
L 46 5066 -158
D 45 5065 2 18 46 16 6
D 49 5217 2 26 44 28 6
D 48 5215 2 21 49 29 6
L 52 5226 -4218
D 51 5225 2 37 52 39 6
D 50 5223 2 32 51 40 6
D 54 5217 2 26 27 28 13
D 53 5215 2 21 54 29 13
D 47 5219 2 48 50 53 6
D 55 5065 2 16 46 18 17
D 14 5067 3 15 19 45 47 55 6
L 58 4534 -144
D 57 4533 2 10 58 8 6
D 56 4531 2 2 57 11 6
D 62 5225 2 39 52 37 6
D 61 5223 2 32 62 40 6
D 60 5219 2 20 61 42 6
D 65 5217 2 28 27 26 6
D 64 5215 2 21 65 29 6
D 67 5217 2 28 44 26 13
D 66 5215 2 21 67 29 13
D 63 5219 2 64 50 66 6
D 59 5067 3 15 60 45 63 55 6
D 69 4529 2 3 12 5 6
D 70 4533 2 8 58 10 6
D 71 4529 2 3 4 5 13
D 68 4531 2 69 70 71 6
D 75 5221 2 33 41 35 6
D 76 5221 2 33 34 35 13
D 74 5223 2 75 51 76 6
D 73 5219 2 20 74 42 6
D 79 5213 2 22 30 24 6
D 80 5213 2 22 23 24 13
D 78 5215 2 79 25 80 6
D 81 5215 2 79 43 80 13
D 77 5219 2 78 50 81 6
D 72 5067 3 15 73 45 77 55 6
D 83 4529 2 5 4 3 6
D 84 4529 2 5 12 3 13
D 82 4531 2 83 70 84 6
D 88 5221 2 35 34 33 6
D 89 5221 2 35 41 33 13
D 87 5223 2 88 51 89 6
D 86 5219 2 20 87 42 6
D 92 5213 2 24 23 22 6
D 93 5213 2 24 30 22 13
D 91 5215 2 92 25 93 6
D 94 5215 2 92 43 93 13
D 90 5219 2 91 50 94 6
D 85 5067 3 15 86 45 90 55 6
D 96 4533 2 8 58 10 9
D 97 4529 2 5 4 3 12
D 98 4533 2 8 9 10 13
D 99 4529 2 5 12 3 6
D 95 4531 3 2 96 97 98 99 13
D 0 4535 5 1 14 56 59 68 72 82 85 95 6
