c ids of sdd nodes start at 0
c sdd nodes appear bottom-up, children before parents
c
c file syntax:
c sdd count-of-sdd-nodes
c F id-of-false-sdd-node
c T id-of-true-sdd-node
c L id-of-literal-sdd-node id-of-vtree literal
c D id-of-decomposition-sdd-node id-of-vtree number-of-elements {id-of-prime id-of-sub}*
c
sdd 98
L 2 72 -129
L 3 74 130
L 4 72 129
F 5
D 1 73 2 2 3 4 5
L 9 600 -151
L 10 602 -152
L 11 600 151
D 8 601 2 9 10 11 5
L 13 604 -153
L 14 606 154
L 15 604 153
D 12 605 2 13 14 15 5
L 17 602 152
T 18
D 16 601 2 9 17 11 18
D 7 603 2 8 12 16 5
L 22 784 -4219
L 23 786 -4220
L 24 784 4219
D 21 785 2 22 23 24 5
L 26 788 -4221
L 27 790 -4222
L 28 788 4221
D 25 789 2 26 27 28 5
L 30 786 4220
D 29 785 2 22 30 24 18
D 20 787 2 21 25 29 5
L 33 792 -4223
L 34 794 -4224
L 35 792 4223
D 32 793 2 33 34 35 5
L 37 796 -4225
L 38 798 4226
L 39 796 4225
D 36 797 2 37 38 39 5
L 41 794 4224
D 40 793 2 33 41 35 18
D 31 795 2 32 36 40 5
L 44 790 4222
D 43 789 2 26 44 28 18
D 42 787 2 21 43 29 18
D 19 791 2 20 31 42 5
L 47 606 -154
D 46 605 2 15 47 13 5
D 45 603 2 8 46 16 5
D 50 793 2 33 41 35 5
L 52 798 -4226
D 51 797 2 37 52 39 5
D 53 793 2 33 34 35 18
D 49 795 2 50 51 53 5
D 48 791 2 20 49 42 5
D 55 601 2 9 17 11 5
D 56 605 2 13 47 15 5
D 57 601 2 9 10 11 18
D 54 603 2 55 56 57 5
D 60 789 2 26 44 28 5
D 59 787 2 21 60 29 5
D 61 795 2 32 51 40 5
D 63 789 2 26 27 28 18
D 62 787 2 21 63 29 18
D 58 791 2 59 61 62 5
D 65 601 2 11 10 9 5
D 66 601 2 11 17 9 18
D 64 603 2 65 56 66 5
D 69 785 2 22 30 24 5
D 70 785 2 22 23 24 18
D 68 787 2 69 25 70 5
D 71 787 2 69 43 70 18
D 67 791 2 68 61 71 5
D 73 605 2 13 47 15 14
D 74 601 2 11 10 9 17
D 75 605 2 13 14 15 18
D 76 601 2 11 17 9 5
D 72 603 3 8 73 74 75 76 18
D 6 607 5 7 19 45 48 54 58 64 67 72 5
L 78 74 -130
D 77 73 2 4 78 2 5
D 82 797 2 39 52 37 5
D 81 795 2 32 82 40 5
D 80 791 2 20 81 42 5
D 85 793 2 35 34 33 5
D 86 793 2 35 41 33 18
D 84 795 2 85 51 86 5
D 83 791 2 20 84 42 5
D 89 789 2 28 27 26 5
D 88 787 2 21 89 29 5
D 91 789 2 28 44 26 18
D 90 787 2 21 91 29 18
D 87 791 2 88 61 90 5
D 94 785 2 24 23 22 5
D 95 785 2 24 30 22 18
D 93 787 2 94 25 95 5
D 96 787 2 94 43 95 18
D 92 791 2 93 61 96 5
D 79 607 5 7 80 45 83 54 87 64 92 72 5
D 97 73 2 2 78 4 3
D 0 75 3 1 6 77 79 97 5
