c ids of sdd nodes start at 0
c sdd nodes appear bottom-up, children before parents
c
c file syntax:
c sdd count-of-sdd-nodes
c F id-of-false-sdd-node
c T id-of-true-sdd-node
c L id-of-literal-sdd-node id-of-vtree literal
c D id-of-decomposition-sdd-node id-of-vtree number-of-elements {id-of-prime id-of-sub}*
c
sdd 214
L 3 7328 -221
L 4 7330 -222
L 5 7328 221
F 6
D 2 7329 2 3 4 5 6
L 8 7332 -223
L 9 7334 224
L 10 7332 223
D 7 7333 2 8 9 10 6
L 12 7330 222
T 13
D 11 7329 2 3 12 5 13
D 1 7331 2 2 7 11 6
L 17 9016 -251
L 18 9018 -252
L 19 9016 251
D 16 9017 2 17 18 19 6
L 21 9020 -253
L 22 9022 254
L 23 9020 253
D 20 9021 2 21 22 23 6
L 25 9018 252
D 24 9017 2 17 25 19 13
D 15 9019 2 16 20 24 6
L 30 9232 -4263
L 31 9234 -4264
L 32 9232 4263
D 29 9233 2 30 31 32 6
L 34 9236 -4265
L 35 9238 -4266
L 36 9236 4265
D 33 9237 2 34 35 36 6
L 38 9234 4264
D 37 9233 2 30 38 32 13
D 28 9235 2 29 33 37 6
L 41 9240 -4267
L 42 9242 -4268
L 43 9240 4267
D 40 9241 2 41 42 43 6
L 45 9244 -4269
L 46 9246 -4270
L 47 9244 4269
D 44 9245 2 45 46 47 6
L 49 9242 4268
D 48 9241 2 41 49 43 13
D 39 9243 2 40 44 48 6
L 52 9238 4266
D 51 9237 2 34 52 36 13
D 50 9235 2 29 51 37 13
D 27 9239 2 28 39 50 6
L 56 9248 -4271
L 57 9250 -4272
L 58 9248 4271
D 55 9249 2 56 57 58 6
L 60 9252 -4273
L 61 9254 -4274
L 62 9252 4273
D 59 9253 2 60 61 62 6
L 64 9250 4272
D 63 9249 2 56 64 58 13
D 54 9251 2 55 59 63 6
L 67 9256 -4275
L 68 9258 -4276
L 69 9256 4275
D 66 9257 2 67 68 69 6
L 71 9260 -4277
L 72 9262 4278
L 73 9260 4277
D 70 9261 2 71 72 73 6
L 75 9258 4276
D 74 9257 2 67 75 69 13
D 65 9259 2 66 70 74 6
L 78 9254 4274
D 77 9253 2 60 78 62 13
D 76 9251 2 55 77 63 13
D 53 9255 2 54 65 76 6
L 82 9246 4270
D 81 9245 2 45 82 47 13
D 80 9243 2 40 81 48 13
D 79 9239 2 28 80 50 13
D 26 9247 2 27 53 79 6
L 85 9022 -254
D 84 9021 2 23 85 21 6
D 83 9019 2 16 84 24 6
L 90 9262 -4278
D 89 9261 2 73 90 71 6
D 88 9259 2 66 89 74 6
D 87 9255 2 54 88 76 6
D 86 9247 2 27 87 79 6
D 92 9017 2 17 25 19 6
D 93 9021 2 21 85 23 6
D 94 9017 2 17 18 19 13
D 91 9019 2 92 93 94 6
D 98 9257 2 67 75 69 6
D 99 9261 2 71 90 73 6
D 100 9257 2 67 68 69 13
D 97 9259 2 98 99 100 6
D 96 9255 2 54 97 76 6
D 95 9247 2 27 96 79 6
D 102 9017 2 19 18 17 6
D 103 9017 2 19 25 17 13
D 101 9019 2 102 93 103 6
D 107 9257 2 69 68 67 6
D 108 9257 2 69 75 67 13
D 106 9259 2 107 99 108 6
D 105 9255 2 54 106 76 6
D 104 9247 2 27 105 79 6
D 110 9021 2 21 85 23 22
D 111 9017 2 19 18 17 25
D 112 9021 2 21 22 23 13
D 113 9017 2 19 25 17 6
D 109 9019 3 16 110 111 112 113 13
D 14 9023 5 15 26 83 86 91 95 101 104 109 6
L 116 7334 -224
D 115 7333 2 10 116 8 6
D 114 7331 2 2 115 11 6
D 121 9253 2 60 78 62 6
D 120 9251 2 55 121 63 6
D 122 9259 2 66 99 74 6
D 124 9253 2 60 61 62 13
D 123 9251 2 55 124 63 13
D 119 9255 2 120 122 123 6
D 118 9247 2 27 119 79 6
D 128 9253 2 62 61 60 6
D 127 9251 2 55 128 63 6
D 130 9253 2 62 78 60 13
D 129 9251 2 55 130 63 13
D 126 9255 2 127 122 129 6
D 125 9247 2 27 126 79 6
D 134 9249 2 56 64 58 6
D 135 9249 2 56 57 58 13
D 133 9251 2 134 59 135 6
D 136 9251 2 134 77 135 13
D 132 9255 2 133 122 136 6
D 131 9247 2 27 132 79 6
D 140 9249 2 58 57 56 6
D 141 9249 2 58 64 56 13
D 139 9251 2 140 59 141 6
D 142 9251 2 140 77 141 13
D 138 9255 2 139 122 142 6
D 137 9247 2 27 138 79 6
D 117 9023 5 15 118 83 125 91 131 101 137 109 6
D 144 7329 2 3 12 5 6
D 145 7333 2 8 116 10 6
D 146 7329 2 3 4 5 13
D 143 7331 2 144 145 146 6
D 151 9245 2 45 82 47 6
D 150 9243 2 40 151 48 6
D 149 9239 2 28 150 50 6
D 152 9255 2 54 122 76 6
D 155 9245 2 45 46 47 13
D 154 9243 2 40 155 48 13
D 153 9239 2 28 154 50 13
D 148 9247 2 149 152 153 6
D 159 9245 2 47 46 45 6
D 158 9243 2 40 159 48 6
D 157 9239 2 28 158 50 6
D 162 9245 2 47 82 45 13
D 161 9243 2 40 162 48 13
D 160 9239 2 28 161 50 13
D 156 9247 2 157 152 160 6
D 166 9241 2 41 49 43 6
D 167 9241 2 41 42 43 13
D 165 9243 2 166 44 167 6
D 164 9239 2 28 165 50 6
D 169 9243 2 166 81 167 13
D 168 9239 2 28 169 50 13
D 163 9247 2 164 152 168 6
D 173 9241 2 43 42 41 6
D 174 9241 2 43 49 41 13
D 172 9243 2 173 44 174 6
D 171 9239 2 28 172 50 6
D 176 9243 2 173 81 174 13
D 175 9239 2 28 176 50 13
D 170 9247 2 171 152 175 6
D 147 9023 5 15 148 83 156 91 163 101 170 109 6
D 178 7329 2 5 4 3 6
D 179 7329 2 5 12 3 13
D 177 7331 2 178 145 179 6
D 184 9237 2 34 52 36 6
D 183 9235 2 29 184 37 6
D 186 9237 2 34 35 36 13
D 185 9235 2 29 186 37 13
D 182 9239 2 183 39 185 6
D 187 9239 2 183 80 185 13
D 181 9247 2 182 152 187 6
D 191 9237 2 36 35 34 6
D 190 9235 2 29 191 37 6
D 193 9237 2 36 52 34 13
D 192 9235 2 29 193 37 13
D 189 9239 2 190 39 192 6
D 194 9239 2 190 80 192 13
D 188 9247 2 189 152 194 6
D 198 9233 2 30 38 32 6
D 199 9233 2 30 31 32 13
D 197 9235 2 198 33 199 6
D 200 9235 2 198 51 199 13
D 196 9239 2 197 39 200 6
D 201 9239 2 197 80 200 13
D 195 9247 2 196 152 201 6
D 205 9233 2 32 31 30 6
D 206 9233 2 32 38 30 13
D 204 9235 2 205 33 206 6
D 207 9235 2 205 51 206 13
D 203 9239 2 204 39 207 6
D 208 9239 2 204 80 207 13
D 202 9247 2 203 152 208 6
D 180 9023 5 15 181 83 188 91 195 101 202 109 6
D 210 7333 2 8 116 10 9
D 211 7329 2 5 4 3 12
D 212 7333 2 8 9 10 13
D 213 7329 2 5 12 3 6
D 209 7331 3 2 210 211 212 213 13
D 0 7335 5 1 14 114 117 143 147 177 180 209 6
