c ids of sdd nodes start at 0
c sdd nodes appear bottom-up, children before parents
c
c file syntax:
c sdd count-of-sdd-nodes
c F id-of-false-sdd-node
c T id-of-true-sdd-node
c L id-of-literal-sdd-node id-of-vtree literal
c D id-of-decomposition-sdd-node id-of-vtree number-of-elements {id-of-prime id-of-sub}*
c
sdd 100
L 3 2440 -29
L 4 2442 -30
L 5 2440 29
F 6
D 2 2441 2 3 4 5 6
L 8 2444 -31
L 9 2446 32
L 10 2444 31
D 7 2445 2 8 9 10 6
L 12 2442 30
T 13
D 11 2441 2 3 12 5 13
D 1 2443 2 2 7 11 6
L 16 3776 -59
L 17 3778 60
L 18 3776 59
D 15 3777 2 16 17 18 6
L 22 3788 -703
L 23 3790 -704
L 24 3788 703
D 21 3789 2 22 23 24 6
L 26 3792 -705
L 27 3794 -706
L 28 3792 705
D 25 3793 2 26 27 28 6
L 30 3790 704
D 29 3789 2 22 30 24 13
D 20 3791 2 21 25 29 6
L 33 3796 -707
L 34 3798 -708
L 35 3796 707
D 32 3797 2 33 34 35 6
L 37 3800 -709
L 38 3802 710
L 39 3800 709
D 36 3801 2 37 38 39 6
L 41 3798 708
D 40 3797 2 33 41 35 13
D 31 3799 2 32 36 40 6
L 44 3794 706
D 43 3793 2 26 44 28 13
D 42 3791 2 21 43 29 13
D 19 3795 2 20 31 42 6
L 46 3778 -60
D 45 3777 2 18 46 16 6
D 49 3793 2 26 44 28 6
D 48 3791 2 21 49 29 6
L 52 3802 -710
D 51 3801 2 37 52 39 6
D 50 3799 2 32 51 40 6
D 54 3793 2 26 27 28 13
D 53 3791 2 21 54 29 13
D 47 3795 2 48 50 53 6
D 55 3777 2 16 46 18 17
D 14 3779 3 15 19 45 47 55 6
L 58 2446 -32
D 57 2445 2 10 58 8 6
D 56 2443 2 2 57 11 6
D 62 3801 2 39 52 37 6
D 61 3799 2 32 62 40 6
D 60 3795 2 20 61 42 6
D 65 3793 2 28 27 26 6
D 64 3791 2 21 65 29 6
D 67 3793 2 28 44 26 13
D 66 3791 2 21 67 29 13
D 63 3795 2 64 50 66 6
D 59 3779 3 15 60 45 63 55 6
D 69 2441 2 3 12 5 6
D 70 2445 2 8 58 10 6
D 71 2441 2 3 4 5 13
D 68 2443 2 69 70 71 6
D 75 3797 2 33 41 35 6
D 76 3797 2 33 34 35 13
D 74 3799 2 75 51 76 6
D 73 3795 2 20 74 42 6
D 79 3789 2 22 30 24 6
D 80 3789 2 22 23 24 13
D 78 3791 2 79 25 80 6
D 81 3791 2 79 43 80 13
D 77 3795 2 78 50 81 6
D 72 3779 3 15 73 45 77 55 6
D 83 2441 2 5 4 3 6
D 84 2441 2 5 12 3 13
D 82 2443 2 83 70 84 6
D 88 3797 2 35 34 33 6
D 89 3797 2 35 41 33 13
D 87 3799 2 88 51 89 6
D 86 3795 2 20 87 42 6
D 92 3789 2 24 23 22 6
D 93 3789 2 24 30 22 13
D 91 3791 2 92 25 93 6
D 94 3791 2 92 43 93 13
D 90 3795 2 91 50 94 6
D 85 3779 3 15 86 45 90 55 6
D 96 2445 2 8 58 10 9
D 97 2441 2 5 4 3 12
D 98 2445 2 8 9 10 13
D 99 2441 2 5 12 3 6
D 95 2443 3 2 96 97 98 99 13
D 0 2447 5 1 14 56 59 68 72 82 85 95 6
