c ids of sdd nodes start at 0
c sdd nodes appear bottom-up, children before parents
c
c file syntax:
c sdd count-of-sdd-nodes
c F id-of-false-sdd-node
c T id-of-true-sdd-node
c L id-of-literal-sdd-node id-of-vtree literal
c D id-of-decomposition-sdd-node id-of-vtree number-of-elements {id-of-prime id-of-sub}*
c
sdd 214
L 3 4528 -141
L 4 4530 -142
L 5 4528 141
F 6
D 2 4529 2 3 4 5 6
L 8 4532 -143
L 9 4534 144
L 10 4532 143
D 7 4533 2 8 9 10 6
L 12 4530 142
T 13
D 11 4529 2 3 12 5 13
D 1 4531 2 2 7 11 6
L 17 5256 -169
L 18 5258 -170
L 19 5256 169
D 16 5257 2 17 18 19 6
L 21 5260 -171
L 22 5262 172
L 23 5260 171
D 20 5261 2 21 22 23 6
L 25 5258 170
D 24 5257 2 17 25 19 13
D 15 5259 2 16 20 24 6
L 30 5456 -4359
L 31 5458 -4360
L 32 5456 4359
D 29 5457 2 30 31 32 6
L 34 5460 -4361
L 35 5462 -4362
L 36 5460 4361
D 33 5461 2 34 35 36 6
L 38 5458 4360
D 37 5457 2 30 38 32 13
D 28 5459 2 29 33 37 6
L 41 5464 -4363
L 42 5466 -4364
L 43 5464 4363
D 40 5465 2 41 42 43 6
L 45 5468 -4365
L 46 5470 -4366
L 47 5468 4365
D 44 5469 2 45 46 47 6
L 49 5466 4364
D 48 5465 2 41 49 43 13
D 39 5467 2 40 44 48 6
L 52 5462 4362
D 51 5461 2 34 52 36 13
D 50 5459 2 29 51 37 13
D 27 5463 2 28 39 50 6
L 56 5472 -4367
L 57 5474 -4368
L 58 5472 4367
D 55 5473 2 56 57 58 6
L 60 5476 -4369
L 61 5478 -4370
L 62 5476 4369
D 59 5477 2 60 61 62 6
L 64 5474 4368
D 63 5473 2 56 64 58 13
D 54 5475 2 55 59 63 6
L 67 5480 -4371
L 68 5482 -4372
L 69 5480 4371
D 66 5481 2 67 68 69 6
L 71 5484 -4373
L 72 5486 4374
L 73 5484 4373
D 70 5485 2 71 72 73 6
L 75 5482 4372
D 74 5481 2 67 75 69 13
D 65 5483 2 66 70 74 6
L 78 5478 4370
D 77 5477 2 60 78 62 13
D 76 5475 2 55 77 63 13
D 53 5479 2 54 65 76 6
L 82 5470 4366
D 81 5469 2 45 82 47 13
D 80 5467 2 40 81 48 13
D 79 5463 2 28 80 50 13
D 26 5471 2 27 53 79 6
L 85 5262 -172
D 84 5261 2 23 85 21 6
D 83 5259 2 16 84 24 6
D 89 5477 2 60 78 62 6
D 88 5475 2 55 89 63 6
L 92 5486 -4374
D 91 5485 2 71 92 73 6
D 90 5483 2 66 91 74 6
D 94 5477 2 60 61 62 13
D 93 5475 2 55 94 63 13
D 87 5479 2 88 90 93 6
D 86 5471 2 27 87 79 6
D 96 5257 2 17 25 19 6
D 97 5261 2 21 85 23 6
D 98 5257 2 17 18 19 13
D 95 5259 2 96 97 98 6
D 102 5469 2 45 82 47 6
D 101 5467 2 40 102 48 6
D 100 5463 2 28 101 50 6
D 103 5479 2 54 90 76 6
D 106 5469 2 45 46 47 13
D 105 5467 2 40 106 48 13
D 104 5463 2 28 105 50 13
D 99 5471 2 100 103 104 6
D 108 5257 2 19 18 17 6
D 109 5257 2 19 25 17 13
D 107 5259 2 108 97 109 6
D 113 5461 2 34 52 36 6
D 112 5459 2 29 113 37 6
D 115 5461 2 34 35 36 13
D 114 5459 2 29 115 37 13
D 111 5463 2 112 39 114 6
D 116 5463 2 112 80 114 13
D 110 5471 2 111 103 116 6
D 118 5261 2 21 85 23 22
D 119 5257 2 19 18 17 25
D 120 5261 2 21 22 23 13
D 121 5257 2 19 25 17 6
D 117 5259 3 16 118 119 120 121 13
D 14 5263 5 15 26 83 86 95 99 107 110 117 6
L 124 4534 -144
D 123 4533 2 10 124 8 6
D 122 4531 2 2 123 11 6
D 129 5485 2 73 92 71 6
D 128 5483 2 66 129 74 6
D 127 5479 2 54 128 76 6
D 126 5471 2 27 127 79 6
D 133 5477 2 62 61 60 6
D 132 5475 2 55 133 63 6
D 135 5477 2 62 78 60 13
D 134 5475 2 55 135 63 13
D 131 5479 2 132 90 134 6
D 130 5471 2 27 131 79 6
D 139 5469 2 47 46 45 6
D 138 5467 2 40 139 48 6
D 137 5463 2 28 138 50 6
D 142 5469 2 47 82 45 13
D 141 5467 2 40 142 48 13
D 140 5463 2 28 141 50 13
D 136 5471 2 137 103 140 6
D 146 5461 2 36 35 34 6
D 145 5459 2 29 146 37 6
D 148 5461 2 36 52 34 13
D 147 5459 2 29 148 37 13
D 144 5463 2 145 39 147 6
D 149 5463 2 145 80 147 13
D 143 5471 2 144 103 149 6
D 125 5263 5 15 126 83 130 95 136 107 143 117 6
D 151 4529 2 3 12 5 6
D 152 4533 2 8 124 10 6
D 153 4529 2 3 4 5 13
D 150 4531 2 151 152 153 6
D 158 5481 2 67 75 69 6
D 159 5481 2 67 68 69 13
D 157 5483 2 158 91 159 6
D 156 5479 2 54 157 76 6
D 155 5471 2 27 156 79 6
D 163 5473 2 56 64 58 6
D 164 5473 2 56 57 58 13
D 162 5475 2 163 59 164 6
D 165 5475 2 163 77 164 13
D 161 5479 2 162 90 165 6
D 160 5471 2 27 161 79 6
D 169 5465 2 41 49 43 6
D 170 5465 2 41 42 43 13
D 168 5467 2 169 44 170 6
D 167 5463 2 28 168 50 6
D 172 5467 2 169 81 170 13
D 171 5463 2 28 172 50 13
D 166 5471 2 167 103 171 6
D 176 5457 2 30 38 32 6
D 177 5457 2 30 31 32 13
D 175 5459 2 176 33 177 6
D 178 5459 2 176 51 177 13
D 174 5463 2 175 39 178 6
D 179 5463 2 175 80 178 13
D 173 5471 2 174 103 179 6
D 154 5263 5 15 155 83 160 95 166 107 173 117 6
D 181 4529 2 5 4 3 6
D 182 4529 2 5 12 3 13
D 180 4531 2 181 152 182 6
D 187 5481 2 69 68 67 6
D 188 5481 2 69 75 67 13
D 186 5483 2 187 91 188 6
D 185 5479 2 54 186 76 6
D 184 5471 2 27 185 79 6
D 192 5473 2 58 57 56 6
D 193 5473 2 58 64 56 13
D 191 5475 2 192 59 193 6
D 194 5475 2 192 77 193 13
D 190 5479 2 191 90 194 6
D 189 5471 2 27 190 79 6
D 198 5465 2 43 42 41 6
D 199 5465 2 43 49 41 13
D 197 5467 2 198 44 199 6
D 196 5463 2 28 197 50 6
D 201 5467 2 198 81 199 13
D 200 5463 2 28 201 50 13
D 195 5471 2 196 103 200 6
D 205 5457 2 32 31 30 6
D 206 5457 2 32 38 30 13
D 204 5459 2 205 33 206 6
D 207 5459 2 205 51 206 13
D 203 5463 2 204 39 207 6
D 208 5463 2 204 80 207 13
D 202 5471 2 203 103 208 6
D 183 5263 5 15 184 83 189 95 195 107 202 117 6
D 210 4533 2 8 124 10 9
D 211 4529 2 5 4 3 12
D 212 4533 2 8 9 10 13
D 213 4529 2 5 12 3 6
D 209 4531 3 2 210 211 212 213 13
D 0 4535 5 1 14 122 125 150 154 180 183 209 6
