c ids of sdd nodes start at 0
c sdd nodes appear bottom-up, children before parents
c
c file syntax:
c sdd count-of-sdd-nodes
c F id-of-false-sdd-node
c T id-of-true-sdd-node
c L id-of-literal-sdd-node id-of-vtree literal
c D id-of-decomposition-sdd-node id-of-vtree number-of-elements {id-of-prime id-of-sub}*
c
sdd 98
L 2 2312 -37
L 3 2314 38
L 4 2312 37
F 5
D 1 2313 2 2 3 4 5
L 9 2952 -51
L 10 2954 -52
L 11 2952 51
D 8 2953 2 9 10 11 5
L 13 2956 -53
L 14 2958 54
L 15 2956 53
D 12 2957 2 13 14 15 5
L 17 2954 52
T 18
D 16 2953 2 9 17 11 18
D 7 2955 2 8 12 16 5
L 22 3088 -4375
L 23 3090 -4376
L 24 3088 4375
D 21 3089 2 22 23 24 5
L 26 3092 -4377
L 27 3094 -4378
L 28 3092 4377
D 25 3093 2 26 27 28 5
L 30 3090 4376
D 29 3089 2 22 30 24 18
D 20 3091 2 21 25 29 5
L 33 3096 -4379
L 34 3098 -4380
L 35 3096 4379
D 32 3097 2 33 34 35 5
L 37 3100 -4381
L 38 3102 4382
L 39 3100 4381
D 36 3101 2 37 38 39 5
L 41 3098 4380
D 40 3097 2 33 41 35 18
D 31 3099 2 32 36 40 5
L 44 3094 4378
D 43 3093 2 26 44 28 18
D 42 3091 2 21 43 29 18
D 19 3095 2 20 31 42 5
L 47 2958 -54
D 46 2957 2 15 47 13 5
D 45 2955 2 8 46 16 5
L 51 3102 -4382
D 50 3101 2 39 51 37 5
D 49 3099 2 32 50 40 5
D 48 3095 2 20 49 42 5
D 53 2953 2 9 17 11 5
D 54 2957 2 13 47 15 5
D 55 2953 2 9 10 11 18
D 52 2955 2 53 54 55 5
D 58 3097 2 33 41 35 5
D 59 3101 2 37 51 39 5
D 60 3097 2 33 34 35 18
D 57 3099 2 58 59 60 5
D 56 3095 2 20 57 42 5
D 62 2953 2 11 10 9 5
D 63 2953 2 11 17 9 18
D 61 2955 2 62 54 63 5
D 66 3097 2 35 34 33 5
D 67 3097 2 35 41 33 18
D 65 3099 2 66 59 67 5
D 64 3095 2 20 65 42 5
D 69 2957 2 13 47 15 14
D 70 2953 2 11 10 9 17
D 71 2957 2 13 14 15 18
D 72 2953 2 11 17 9 5
D 68 2955 3 8 69 70 71 72 18
D 6 2959 5 7 19 45 48 52 56 61 64 68 5
L 74 2314 -38
D 73 2313 2 4 74 2 5
D 78 3093 2 26 44 28 5
D 77 3091 2 21 78 29 5
D 79 3099 2 32 59 40 5
D 81 3093 2 26 27 28 18
D 80 3091 2 21 81 29 18
D 76 3095 2 77 79 80 5
D 84 3093 2 28 27 26 5
D 83 3091 2 21 84 29 5
D 86 3093 2 28 44 26 18
D 85 3091 2 21 86 29 18
D 82 3095 2 83 79 85 5
D 89 3089 2 22 30 24 5
D 90 3089 2 22 23 24 18
D 88 3091 2 89 25 90 5
D 91 3091 2 89 43 90 18
D 87 3095 2 88 79 91 5
D 94 3089 2 24 23 22 5
D 95 3089 2 24 30 22 18
D 93 3091 2 94 25 95 5
D 96 3091 2 94 43 95 18
D 92 3095 2 93 79 96 5
D 75 2959 5 7 76 45 82 52 87 61 92 68 5
D 97 2313 2 2 74 4 3
D 0 2315 3 1 6 73 75 97 5
