c ids of sdd nodes start at 0
c sdd nodes appear bottom-up, children before parents
c
c file syntax:
c sdd count-of-sdd-nodes
c F id-of-false-sdd-node
c T id-of-true-sdd-node
c L id-of-literal-sdd-node id-of-vtree literal
c D id-of-decomposition-sdd-node id-of-vtree number-of-elements {id-of-prime id-of-sub}*
c
sdd 100
L 3 7512 -229
L 4 7514 -230
L 5 7512 229
F 6
D 2 7513 2 3 4 5 6
L 8 7516 -231
L 9 7518 232
L 10 7516 231
D 7 7517 2 8 9 10 6
L 12 7514 230
T 13
D 11 7513 2 3 12 5 13
D 1 7515 2 2 7 11 6
L 16 7640 -227
L 17 7642 228
L 18 7640 227
D 15 7641 2 16 17 18 6
L 22 7716 -4415
L 23 7718 -4416
L 24 7716 4415
D 21 7717 2 22 23 24 6
L 26 7720 -4417
L 27 7722 -4418
L 28 7720 4417
D 25 7721 2 26 27 28 6
L 30 7718 4416
D 29 7717 2 22 30 24 13
D 20 7719 2 21 25 29 6
L 33 7724 -4419
L 34 7726 -4420
L 35 7724 4419
D 32 7725 2 33 34 35 6
L 37 7728 -4421
L 38 7730 4422
L 39 7728 4421
D 36 7729 2 37 38 39 6
L 41 7726 4420
D 40 7725 2 33 41 35 13
D 31 7727 2 32 36 40 6
L 44 7722 4418
D 43 7721 2 26 44 28 13
D 42 7719 2 21 43 29 13
D 19 7723 2 20 31 42 6
L 46 7642 -228
D 45 7641 2 18 46 16 6
D 49 7721 2 26 44 28 6
D 48 7719 2 21 49 29 6
L 52 7730 -4422
D 51 7729 2 37 52 39 6
D 50 7727 2 32 51 40 6
D 54 7721 2 26 27 28 13
D 53 7719 2 21 54 29 13
D 47 7723 2 48 50 53 6
D 55 7641 2 16 46 18 17
D 14 7643 3 15 19 45 47 55 6
L 58 7518 -232
D 57 7517 2 10 58 8 6
D 56 7515 2 2 57 11 6
D 62 7729 2 39 52 37 6
D 61 7727 2 32 62 40 6
D 60 7723 2 20 61 42 6
D 65 7721 2 28 27 26 6
D 64 7719 2 21 65 29 6
D 67 7721 2 28 44 26 13
D 66 7719 2 21 67 29 13
D 63 7723 2 64 50 66 6
D 59 7643 3 15 60 45 63 55 6
D 69 7513 2 3 12 5 6
D 70 7517 2 8 58 10 6
D 71 7513 2 3 4 5 13
D 68 7515 2 69 70 71 6
D 75 7725 2 33 41 35 6
D 76 7725 2 33 34 35 13
D 74 7727 2 75 51 76 6
D 73 7723 2 20 74 42 6
D 79 7717 2 22 30 24 6
D 80 7717 2 22 23 24 13
D 78 7719 2 79 25 80 6
D 81 7719 2 79 43 80 13
D 77 7723 2 78 50 81 6
D 72 7643 3 15 73 45 77 55 6
D 83 7513 2 5 4 3 6
D 84 7513 2 5 12 3 13
D 82 7515 2 83 70 84 6
D 88 7725 2 35 34 33 6
D 89 7725 2 35 41 33 13
D 87 7727 2 88 51 89 6
D 86 7723 2 20 87 42 6
D 92 7717 2 24 23 22 6
D 93 7717 2 24 30 22 13
D 91 7719 2 92 25 93 6
D 94 7719 2 92 43 93 13
D 90 7723 2 91 50 94 6
D 85 7643 3 15 86 45 90 55 6
D 96 7517 2 8 58 10 9
D 97 7513 2 5 4 3 12
D 98 7517 2 8 9 10 13
D 99 7513 2 5 12 3 6
D 95 7515 3 2 96 97 98 99 13
D 0 7519 5 1 14 56 59 68 72 82 85 95 6
