c ids of sdd nodes start at 0
c sdd nodes appear bottom-up, children before parents
c
c file syntax:
c sdd count-of-sdd-nodes
c F id-of-false-sdd-node
c T id-of-true-sdd-node
c L id-of-literal-sdd-node id-of-vtree literal
c D id-of-decomposition-sdd-node id-of-vtree number-of-elements {id-of-prime id-of-sub}*
c
sdd 100
L 3 7136 -215
L 4 7138 -216
L 5 7136 215
F 6
D 2 7137 2 3 4 5 6
L 8 7140 -217
L 9 7142 218
L 10 7140 217
D 7 7141 2 8 9 10 6
L 12 7138 216
T 13
D 11 7137 2 3 12 5 13
D 1 7139 2 2 7 11 6
L 16 8288 -245
L 17 8290 246
L 18 8288 245
D 15 8289 2 16 17 18 6
L 22 8364 -4423
L 23 8366 -4424
L 24 8364 4423
D 21 8365 2 22 23 24 6
L 26 8368 -4425
L 27 8370 -4426
L 28 8368 4425
D 25 8369 2 26 27 28 6
L 30 8366 4424
D 29 8365 2 22 30 24 13
D 20 8367 2 21 25 29 6
L 33 8372 -4427
L 34 8374 -4428
L 35 8372 4427
D 32 8373 2 33 34 35 6
L 37 8376 -4429
L 38 8378 4430
L 39 8376 4429
D 36 8377 2 37 38 39 6
L 41 8374 4428
D 40 8373 2 33 41 35 13
D 31 8375 2 32 36 40 6
L 44 8370 4426
D 43 8369 2 26 44 28 13
D 42 8367 2 21 43 29 13
D 19 8371 2 20 31 42 6
L 46 8290 -246
D 45 8289 2 18 46 16 6
D 49 8369 2 26 44 28 6
D 48 8367 2 21 49 29 6
L 52 8378 -4430
D 51 8377 2 37 52 39 6
D 50 8375 2 32 51 40 6
D 54 8369 2 26 27 28 13
D 53 8367 2 21 54 29 13
D 47 8371 2 48 50 53 6
D 55 8289 2 16 46 18 17
D 14 8291 3 15 19 45 47 55 6
L 58 7142 -218
D 57 7141 2 10 58 8 6
D 56 7139 2 2 57 11 6
D 62 8377 2 39 52 37 6
D 61 8375 2 32 62 40 6
D 60 8371 2 20 61 42 6
D 65 8369 2 28 27 26 6
D 64 8367 2 21 65 29 6
D 67 8369 2 28 44 26 13
D 66 8367 2 21 67 29 13
D 63 8371 2 64 50 66 6
D 59 8291 3 15 60 45 63 55 6
D 69 7137 2 3 12 5 6
D 70 7141 2 8 58 10 6
D 71 7137 2 3 4 5 13
D 68 7139 2 69 70 71 6
D 75 8373 2 33 41 35 6
D 76 8373 2 33 34 35 13
D 74 8375 2 75 51 76 6
D 73 8371 2 20 74 42 6
D 79 8365 2 22 30 24 6
D 80 8365 2 22 23 24 13
D 78 8367 2 79 25 80 6
D 81 8367 2 79 43 80 13
D 77 8371 2 78 50 81 6
D 72 8291 3 15 73 45 77 55 6
D 83 7137 2 5 4 3 6
D 84 7137 2 5 12 3 13
D 82 7139 2 83 70 84 6
D 88 8373 2 35 34 33 6
D 89 8373 2 35 41 33 13
D 87 8375 2 88 51 89 6
D 86 8371 2 20 87 42 6
D 92 8365 2 24 23 22 6
D 93 8365 2 24 30 22 13
D 91 8367 2 92 25 93 6
D 94 8367 2 92 43 93 13
D 90 8371 2 91 50 94 6
D 85 8291 3 15 86 45 90 55 6
D 96 7141 2 8 58 10 9
D 97 7137 2 5 4 3 12
D 98 7141 2 8 9 10 13
D 99 7137 2 5 12 3 6
D 95 7139 3 2 96 97 98 99 13
D 0 7143 5 1 14 56 59 68 72 82 85 95 6
