c ids of sdd nodes start at 0
c sdd nodes appear bottom-up, children before parents
c
c file syntax:
c sdd count-of-sdd-nodes
c F id-of-false-sdd-node
c T id-of-true-sdd-node
c L id-of-literal-sdd-node id-of-vtree literal
c D id-of-decomposition-sdd-node id-of-vtree number-of-elements {id-of-prime id-of-sub}*
c
sdd 98
L 2 2272 -17
L 3 2274 18
L 4 2272 17
F 5
D 1 2273 2 2 3 4 5
L 9 2632 -25
L 10 2634 -26
L 11 2632 25
D 8 2633 2 9 10 11 5
L 13 2636 -27
L 14 2638 28
L 15 2636 27
D 12 2637 2 13 14 15 5
L 17 2634 26
T 18
D 16 2633 2 9 17 11 18
D 7 2635 2 8 12 16 5
L 22 2768 -4471
L 23 2770 -4472
L 24 2768 4471
D 21 2769 2 22 23 24 5
L 26 2772 -4473
L 27 2774 -4474
L 28 2772 4473
D 25 2773 2 26 27 28 5
L 30 2770 4472
D 29 2769 2 22 30 24 18
D 20 2771 2 21 25 29 5
L 33 2776 -4475
L 34 2778 -4476
L 35 2776 4475
D 32 2777 2 33 34 35 5
L 37 2780 -4477
L 38 2782 4478
L 39 2780 4477
D 36 2781 2 37 38 39 5
L 41 2778 4476
D 40 2777 2 33 41 35 18
D 31 2779 2 32 36 40 5
L 44 2774 4474
D 43 2773 2 26 44 28 18
D 42 2771 2 21 43 29 18
D 19 2775 2 20 31 42 5
L 47 2638 -28
D 46 2637 2 15 47 13 5
D 45 2635 2 8 46 16 5
L 51 2782 -4478
D 50 2781 2 39 51 37 5
D 49 2779 2 32 50 40 5
D 48 2775 2 20 49 42 5
D 53 2633 2 9 17 11 5
D 54 2637 2 13 47 15 5
D 55 2633 2 9 10 11 18
D 52 2635 2 53 54 55 5
D 58 2777 2 33 41 35 5
D 59 2781 2 37 51 39 5
D 60 2777 2 33 34 35 18
D 57 2779 2 58 59 60 5
D 56 2775 2 20 57 42 5
D 62 2633 2 11 10 9 5
D 63 2633 2 11 17 9 18
D 61 2635 2 62 54 63 5
D 66 2777 2 35 34 33 5
D 67 2777 2 35 41 33 18
D 65 2779 2 66 59 67 5
D 64 2775 2 20 65 42 5
D 69 2637 2 13 47 15 14
D 70 2633 2 11 10 9 17
D 71 2637 2 13 14 15 18
D 72 2633 2 11 17 9 5
D 68 2635 3 8 69 70 71 72 18
D 6 2639 5 7 19 45 48 52 56 61 64 68 5
L 74 2274 -18
D 73 2273 2 4 74 2 5
D 78 2773 2 26 44 28 5
D 77 2771 2 21 78 29 5
D 79 2779 2 32 59 40 5
D 81 2773 2 26 27 28 18
D 80 2771 2 21 81 29 18
D 76 2775 2 77 79 80 5
D 84 2773 2 28 27 26 5
D 83 2771 2 21 84 29 5
D 86 2773 2 28 44 26 18
D 85 2771 2 21 86 29 18
D 82 2775 2 83 79 85 5
D 89 2769 2 22 30 24 5
D 90 2769 2 22 23 24 18
D 88 2771 2 89 25 90 5
D 91 2771 2 89 43 90 18
D 87 2775 2 88 79 91 5
D 94 2769 2 24 23 22 5
D 95 2769 2 24 30 22 18
D 93 2771 2 94 25 95 5
D 96 2771 2 94 43 95 18
D 92 2775 2 93 79 96 5
D 75 2639 5 7 76 45 82 52 87 61 92 68 5
D 97 2273 2 2 74 4 3
D 0 2275 3 1 6 73 75 97 5
