c ids of sdd nodes start at 0
c sdd nodes appear bottom-up, children before parents
c
c file syntax:
c sdd count-of-sdd-nodes
c F id-of-false-sdd-node
c T id-of-true-sdd-node
c L id-of-literal-sdd-node id-of-vtree literal
c D id-of-decomposition-sdd-node id-of-vtree number-of-elements {id-of-prime id-of-sub}*
c
sdd 100
L 3 2536 -55
L 4 2538 -56
L 5 2536 55
F 6
D 2 2537 2 3 4 5 6
L 8 2540 -57
L 9 2542 58
L 10 2540 57
D 7 2541 2 8 9 10 6
L 12 2538 56
T 13
D 11 2537 2 3 12 5 13
D 1 2539 2 2 7 11 6
L 16 3896 -49
L 17 3898 50
L 18 3896 49
D 15 3897 2 16 17 18 6
L 22 4004 -4491
L 23 4006 -4492
L 24 4004 4491
D 21 4005 2 22 23 24 6
L 26 4008 -4493
L 27 4010 -4494
L 28 4008 4493
D 25 4009 2 26 27 28 6
L 30 4006 4492
D 29 4005 2 22 30 24 13
D 20 4007 2 21 25 29 6
L 33 4012 -4495
L 34 4014 -4496
L 35 4012 4495
D 32 4013 2 33 34 35 6
L 37 4016 -4497
L 38 4018 4498
L 39 4016 4497
D 36 4017 2 37 38 39 6
L 41 4014 4496
D 40 4013 2 33 41 35 13
D 31 4015 2 32 36 40 6
L 44 4010 4494
D 43 4009 2 26 44 28 13
D 42 4007 2 21 43 29 13
D 19 4011 2 20 31 42 6
L 46 3898 -50
D 45 3897 2 18 46 16 6
D 49 4009 2 26 44 28 6
D 48 4007 2 21 49 29 6
L 52 4018 -4498
D 51 4017 2 37 52 39 6
D 50 4015 2 32 51 40 6
D 54 4009 2 26 27 28 13
D 53 4007 2 21 54 29 13
D 47 4011 2 48 50 53 6
D 55 3897 2 16 46 18 17
D 14 3899 3 15 19 45 47 55 6
L 58 2542 -58
D 57 2541 2 10 58 8 6
D 56 2539 2 2 57 11 6
D 62 4017 2 39 52 37 6
D 61 4015 2 32 62 40 6
D 60 4011 2 20 61 42 6
D 65 4009 2 28 27 26 6
D 64 4007 2 21 65 29 6
D 67 4009 2 28 44 26 13
D 66 4007 2 21 67 29 13
D 63 4011 2 64 50 66 6
D 59 3899 3 15 60 45 63 55 6
D 69 2537 2 3 12 5 6
D 70 2541 2 8 58 10 6
D 71 2537 2 3 4 5 13
D 68 2539 2 69 70 71 6
D 75 4013 2 33 41 35 6
D 76 4013 2 33 34 35 13
D 74 4015 2 75 51 76 6
D 73 4011 2 20 74 42 6
D 79 4005 2 22 30 24 6
D 80 4005 2 22 23 24 13
D 78 4007 2 79 25 80 6
D 81 4007 2 79 43 80 13
D 77 4011 2 78 50 81 6
D 72 3899 3 15 73 45 77 55 6
D 83 2537 2 5 4 3 6
D 84 2537 2 5 12 3 13
D 82 2539 2 83 70 84 6
D 88 4013 2 35 34 33 6
D 89 4013 2 35 41 33 13
D 87 4015 2 88 51 89 6
D 86 4011 2 20 87 42 6
D 92 4005 2 24 23 22 6
D 93 4005 2 24 30 22 13
D 91 4007 2 92 25 93 6
D 94 4007 2 92 43 93 13
D 90 4011 2 91 50 94 6
D 85 3899 3 15 86 45 90 55 6
D 96 2541 2 8 58 10 9
D 97 2537 2 5 4 3 12
D 98 2541 2 8 9 10 13
D 99 2537 2 5 12 3 6
D 95 2539 3 2 96 97 98 99 13
D 0 2543 5 1 14 56 59 68 72 82 85 95 6
