c ids of sdd nodes start at 0
c sdd nodes appear bottom-up, children before parents
c
c file syntax:
c sdd count-of-sdd-nodes
c F id-of-false-sdd-node
c T id-of-true-sdd-node
c L id-of-literal-sdd-node id-of-vtree literal
c D id-of-decomposition-sdd-node id-of-vtree number-of-elements {id-of-prime id-of-sub}*
c
sdd 98
L 2 3168 -21
L 3 3170 22
L 4 3168 21
F 5
D 1 3169 2 2 3 4 5
L 9 3432 -13
L 10 3434 -14
L 11 3432 13
D 8 3433 2 9 10 11 5
L 13 3436 -15
L 14 3438 16
L 15 3436 15
D 12 3437 2 13 14 15 5
L 17 3434 14
T 18
D 16 3433 2 9 17 11 18
D 7 3435 2 8 12 16 5
L 22 3488 -4515
L 23 3490 -4516
L 24 3488 4515
D 21 3489 2 22 23 24 5
L 26 3492 -4517
L 27 3494 -4518
L 28 3492 4517
D 25 3493 2 26 27 28 5
L 30 3490 4516
D 29 3489 2 22 30 24 18
D 20 3491 2 21 25 29 5
L 33 3496 -4519
L 34 3498 -4520
L 35 3496 4519
D 32 3497 2 33 34 35 5
L 37 3500 -4521
L 38 3502 4522
L 39 3500 4521
D 36 3501 2 37 38 39 5
L 41 3498 4520
D 40 3497 2 33 41 35 18
D 31 3499 2 32 36 40 5
L 44 3494 4518
D 43 3493 2 26 44 28 18
D 42 3491 2 21 43 29 18
D 19 3495 2 20 31 42 5
L 47 3438 -16
D 46 3437 2 15 47 13 5
D 45 3435 2 8 46 16 5
D 50 3497 2 33 41 35 5
L 52 3502 -4522
D 51 3501 2 37 52 39 5
D 53 3497 2 33 34 35 18
D 49 3499 2 50 51 53 5
D 48 3495 2 20 49 42 5
D 55 3433 2 9 17 11 5
D 56 3437 2 13 47 15 5
D 57 3433 2 9 10 11 18
D 54 3435 2 55 56 57 5
D 60 3493 2 26 44 28 5
D 59 3491 2 21 60 29 5
D 61 3499 2 32 51 40 5
D 63 3493 2 26 27 28 18
D 62 3491 2 21 63 29 18
D 58 3495 2 59 61 62 5
D 65 3433 2 11 10 9 5
D 66 3433 2 11 17 9 18
D 64 3435 2 65 56 66 5
D 69 3489 2 22 30 24 5
D 70 3489 2 22 23 24 18
D 68 3491 2 69 25 70 5
D 71 3491 2 69 43 70 18
D 67 3495 2 68 61 71 5
D 73 3437 2 13 47 15 14
D 74 3433 2 11 10 9 17
D 75 3437 2 13 14 15 18
D 76 3433 2 11 17 9 5
D 72 3435 3 8 73 74 75 76 18
D 6 3439 5 7 19 45 48 54 58 64 67 72 5
L 78 3170 -22
D 77 3169 2 4 78 2 5
D 82 3501 2 39 52 37 5
D 81 3499 2 32 82 40 5
D 80 3495 2 20 81 42 5
D 85 3497 2 35 34 33 5
D 86 3497 2 35 41 33 18
D 84 3499 2 85 51 86 5
D 83 3495 2 20 84 42 5
D 89 3493 2 28 27 26 5
D 88 3491 2 21 89 29 5
D 91 3493 2 28 44 26 18
D 90 3491 2 21 91 29 18
D 87 3495 2 88 61 90 5
D 94 3489 2 24 23 22 5
D 95 3489 2 24 30 22 18
D 93 3491 2 94 25 95 5
D 96 3491 2 94 43 95 18
D 92 3495 2 93 61 96 5
D 79 3439 5 7 80 45 83 54 87 64 92 72 5
D 97 3169 2 2 78 4 3
D 0 3171 3 1 6 77 79 97 5
