c ids of sdd nodes start at 0
c sdd nodes appear bottom-up, children before parents
c
c file syntax:
c sdd count-of-sdd-nodes
c F id-of-false-sdd-node
c T id-of-true-sdd-node
c L id-of-literal-sdd-node id-of-vtree literal
c D id-of-decomposition-sdd-node id-of-vtree number-of-elements {id-of-prime id-of-sub}*
c
sdd 98
L 2 24 -115
L 3 26 116
L 4 24 115
F 5
D 1 25 2 2 3 4 5
L 9 600 -151
L 10 602 -152
L 11 600 151
D 8 601 2 9 10 11 5
L 13 604 -153
L 14 606 154
L 15 604 153
D 12 605 2 13 14 15 5
L 17 602 152
T 18
D 16 601 2 9 17 11 18
D 7 603 2 8 12 16 5
L 22 624 -719
L 23 626 -720
L 24 624 719
D 21 625 2 22 23 24 5
L 26 628 -721
L 27 630 -722
L 28 628 721
D 25 629 2 26 27 28 5
L 30 626 720
D 29 625 2 22 30 24 18
D 20 627 2 21 25 29 5
L 33 632 -723
L 34 634 -724
L 35 632 723
D 32 633 2 33 34 35 5
L 37 636 -725
L 38 638 726
L 39 636 725
D 36 637 2 37 38 39 5
L 41 634 724
D 40 633 2 33 41 35 18
D 31 635 2 32 36 40 5
L 44 630 722
D 43 629 2 26 44 28 18
D 42 627 2 21 43 29 18
D 19 631 2 20 31 42 5
L 47 606 -154
D 46 605 2 15 47 13 5
D 45 603 2 8 46 16 5
L 51 638 -726
D 50 637 2 39 51 37 5
D 49 635 2 32 50 40 5
D 48 631 2 20 49 42 5
D 53 601 2 9 17 11 5
D 54 605 2 13 47 15 5
D 55 601 2 9 10 11 18
D 52 603 2 53 54 55 5
D 58 633 2 33 41 35 5
D 59 637 2 37 51 39 5
D 60 633 2 33 34 35 18
D 57 635 2 58 59 60 5
D 56 631 2 20 57 42 5
D 62 601 2 11 10 9 5
D 63 601 2 11 17 9 18
D 61 603 2 62 54 63 5
D 66 633 2 35 34 33 5
D 67 633 2 35 41 33 18
D 65 635 2 66 59 67 5
D 64 631 2 20 65 42 5
D 69 605 2 13 47 15 14
D 70 601 2 11 10 9 17
D 71 605 2 13 14 15 18
D 72 601 2 11 17 9 5
D 68 603 3 8 69 70 71 72 18
D 6 607 5 7 19 45 48 52 56 61 64 68 5
L 74 26 -116
D 73 25 2 4 74 2 5
D 78 629 2 26 44 28 5
D 77 627 2 21 78 29 5
D 79 635 2 32 59 40 5
D 81 629 2 26 27 28 18
D 80 627 2 21 81 29 18
D 76 631 2 77 79 80 5
D 84 629 2 28 27 26 5
D 83 627 2 21 84 29 5
D 86 629 2 28 44 26 18
D 85 627 2 21 86 29 18
D 82 631 2 83 79 85 5
D 89 625 2 22 30 24 5
D 90 625 2 22 23 24 18
D 88 627 2 89 25 90 5
D 91 627 2 89 43 90 18
D 87 631 2 88 79 91 5
D 94 625 2 24 23 22 5
D 95 625 2 24 30 22 18
D 93 627 2 94 25 95 5
D 96 627 2 94 43 95 18
D 92 631 2 93 79 96 5
D 75 607 5 7 76 45 82 52 87 61 92 68 5
D 97 25 2 2 74 4 3
D 0 27 3 1 6 73 75 97 5
