c ids of sdd nodes start at 0
c sdd nodes appear bottom-up, children before parents
c
c file syntax:
c sdd count-of-sdd-nodes
c F id-of-false-sdd-node
c T id-of-true-sdd-node
c L id-of-literal-sdd-node id-of-vtree literal
c D id-of-decomposition-sdd-node id-of-vtree number-of-elements {id-of-prime id-of-sub}*
c
sdd 50
L 3 3512 -9
L 4 3514 -10
L 5 3512 9
F 6
D 2 3513 2 3 4 5 6
L 8 3516 -11
L 9 3518 12
L 10 3516 11
D 7 3517 2 8 9 10 6
L 12 3514 10
T 13
D 11 3513 2 3 12 5 13
D 1 3515 2 2 7 11 6
L 16 3552 -4547
L 17 3554 -4548
L 18 3552 4547
D 15 3553 2 16 17 18 6
L 20 3556 -4549
L 21 3558 4550
L 22 3556 4549
D 19 3557 2 20 21 22 6
L 24 3554 4548
D 23 3553 2 16 24 18 13
D 14 3555 2 15 19 23 6
L 27 3518 -12
D 26 3517 2 10 27 8 6
D 25 3515 2 2 26 11 6
L 30 3558 -4550
D 29 3557 2 22 30 20 6
D 28 3555 2 15 29 23 6
D 32 3513 2 3 12 5 6
D 33 3517 2 8 27 10 6
D 34 3513 2 3 4 5 13
D 31 3515 2 32 33 34 6
D 36 3553 2 16 24 18 6
D 37 3557 2 20 30 22 6
D 38 3553 2 16 17 18 13
D 35 3555 2 36 37 38 6
D 40 3513 2 5 4 3 6
D 41 3513 2 5 12 3 13
D 39 3515 2 40 33 41 6
D 43 3553 2 18 17 16 6
D 44 3553 2 18 24 16 13
D 42 3555 2 43 37 44 6
D 46 3517 2 8 27 10 9
D 47 3513 2 5 4 3 12
D 48 3517 2 8 9 10 13
D 49 3513 2 5 12 3 6
D 45 3515 3 2 46 47 48 49 13
D 0 3519 5 1 14 25 28 31 35 39 42 45 6
