c ids of sdd nodes start at 0
c sdd nodes appear bottom-up, children before parents
c
c file syntax:
c sdd count-of-sdd-nodes
c F id-of-false-sdd-node
c T id-of-true-sdd-node
c L id-of-literal-sdd-node id-of-vtree literal
c D id-of-decomposition-sdd-node id-of-vtree number-of-elements {id-of-prime id-of-sub}*
c
sdd 50
L 3 2440 -29
L 4 2442 -30
L 5 2440 29
F 6
D 2 2441 2 3 4 5 6
L 8 2444 -31
L 9 2446 32
L 10 2444 31
D 7 2445 2 8 9 10 6
L 12 2442 30
T 13
D 11 2441 2 3 12 5 13
D 1 2443 2 2 7 11 6
L 16 2528 -4567
L 17 2530 -4568
L 18 2528 4567
D 15 2529 2 16 17 18 6
L 20 2532 -4569
L 21 2534 4570
L 22 2532 4569
D 19 2533 2 20 21 22 6
L 24 2530 4568
D 23 2529 2 16 24 18 13
D 14 2531 2 15 19 23 6
L 27 2446 -32
D 26 2445 2 10 27 8 6
D 25 2443 2 2 26 11 6
L 30 2534 -4570
D 29 2533 2 22 30 20 6
D 28 2531 2 15 29 23 6
D 32 2441 2 3 12 5 6
D 33 2445 2 8 27 10 6
D 34 2441 2 3 4 5 13
D 31 2443 2 32 33 34 6
D 36 2529 2 16 24 18 6
D 37 2533 2 20 30 22 6
D 38 2529 2 16 17 18 13
D 35 2531 2 36 37 38 6
D 40 2441 2 5 4 3 6
D 41 2441 2 5 12 3 13
D 39 2443 2 40 33 41 6
D 43 2529 2 18 17 16 6
D 44 2529 2 18 24 16 13
D 42 2531 2 43 37 44 6
D 46 2445 2 8 27 10 9
D 47 2441 2 5 4 3 12
D 48 2445 2 8 9 10 13
D 49 2441 2 5 12 3 6
D 45 2443 3 2 46 47 48 49 13
D 0 2447 5 1 14 25 28 31 35 39 42 45 6
