c ids of sdd nodes start at 0
c sdd nodes appear bottom-up, children before parents
c
c file syntax:
c sdd count-of-sdd-nodes
c F id-of-false-sdd-node
c T id-of-true-sdd-node
c L id-of-literal-sdd-node id-of-vtree literal
c D id-of-decomposition-sdd-node id-of-vtree number-of-elements {id-of-prime id-of-sub}*
c
sdd 50
L 3 2952 -51
L 4 2954 -52
L 5 2952 51
F 6
D 2 2953 2 3 4 5 6
L 8 2956 -53
L 9 2958 54
L 10 2956 53
D 7 2957 2 8 9 10 6
L 12 2954 52
T 13
D 11 2953 2 3 12 5 13
D 1 2955 2 2 7 11 6
L 16 3104 -4589
L 17 3106 -4590
L 18 3104 4589
D 15 3105 2 16 17 18 6
L 20 3108 -4591
L 21 3110 4592
L 22 3108 4591
D 19 3109 2 20 21 22 6
L 24 3106 4590
D 23 3105 2 16 24 18 13
D 14 3107 2 15 19 23 6
L 27 2958 -54
D 26 2957 2 10 27 8 6
D 25 2955 2 2 26 11 6
L 30 3110 -4592
D 29 3109 2 22 30 20 6
D 28 3107 2 15 29 23 6
D 32 2953 2 3 12 5 6
D 33 2957 2 8 27 10 6
D 34 2953 2 3 4 5 13
D 31 2955 2 32 33 34 6
D 36 3105 2 16 24 18 6
D 37 3109 2 20 30 22 6
D 38 3105 2 16 17 18 13
D 35 3107 2 36 37 38 6
D 40 2953 2 5 4 3 6
D 41 2953 2 5 12 3 13
D 39 2955 2 40 33 41 6
D 43 3105 2 18 17 16 6
D 44 3105 2 18 24 16 13
D 42 3107 2 43 37 44 6
D 46 2957 2 8 27 10 9
D 47 2953 2 5 4 3 12
D 48 2957 2 8 9 10 13
D 49 2953 2 5 12 3 6
D 45 2955 3 2 46 47 48 49 13
D 0 2959 5 1 14 25 28 31 35 39 42 45 6
