c ids of sdd nodes start at 0
c sdd nodes appear bottom-up, children before parents
c
c file syntax:
c sdd count-of-sdd-nodes
c F id-of-false-sdd-node
c T id-of-true-sdd-node
c L id-of-literal-sdd-node id-of-vtree literal
c D id-of-decomposition-sdd-node id-of-vtree number-of-elements {id-of-prime id-of-sub}*
c
sdd 50
L 3 2536 -55
L 4 2538 -56
L 5 2536 55
F 6
D 2 2537 2 3 4 5 6
L 8 2540 -57
L 9 2542 58
L 10 2540 57
D 7 2541 2 8 9 10 6
L 12 2538 56
T 13
D 11 2537 2 3 12 5 13
D 1 2539 2 2 7 11 6
L 16 2624 -4593
L 17 2626 -4594
L 18 2624 4593
D 15 2625 2 16 17 18 6
L 20 2628 -4595
L 21 2630 4596
L 22 2628 4595
D 19 2629 2 20 21 22 6
L 24 2626 4594
D 23 2625 2 16 24 18 13
D 14 2627 2 15 19 23 6
L 27 2542 -58
D 26 2541 2 10 27 8 6
D 25 2539 2 2 26 11 6
L 30 2630 -4596
D 29 2629 2 22 30 20 6
D 28 2627 2 15 29 23 6
D 32 2537 2 3 12 5 6
D 33 2541 2 8 27 10 6
D 34 2537 2 3 4 5 13
D 31 2539 2 32 33 34 6
D 36 2625 2 16 24 18 6
D 37 2629 2 20 30 22 6
D 38 2625 2 16 17 18 13
D 35 2627 2 36 37 38 6
D 40 2537 2 5 4 3 6
D 41 2537 2 5 12 3 13
D 39 2539 2 40 33 41 6
D 43 2625 2 18 17 16 6
D 44 2625 2 18 24 16 13
D 42 2627 2 43 37 44 6
D 46 2541 2 8 27 10 9
D 47 2537 2 5 4 3 12
D 48 2541 2 8 9 10 13
D 49 2537 2 5 12 3 6
D 45 2539 3 2 46 47 48 49 13
D 0 2543 5 1 14 25 28 31 35 39 42 45 6
