c ids of sdd nodes start at 0
c sdd nodes appear bottom-up, children before parents
c
c file syntax:
c sdd count-of-sdd-nodes
c F id-of-false-sdd-node
c T id-of-true-sdd-node
c L id-of-literal-sdd-node id-of-vtree literal
c D id-of-decomposition-sdd-node id-of-vtree number-of-elements {id-of-prime id-of-sub}*
c
sdd 98
L 2 1592 -89
L 3 1594 90
L 4 1592 89
F 5
D 1 1593 2 2 3 4 5
L 9 1872 -91
L 10 1874 -92
L 11 1872 91
D 8 1873 2 9 10 11 5
L 13 1876 -93
L 14 1878 94
L 15 1876 93
D 12 1877 2 13 14 15 5
L 17 1874 92
T 18
D 16 1873 2 9 17 11 18
D 7 1875 2 8 12 16 5
L 22 1896 -735
L 23 1898 -736
L 24 1896 735
D 21 1897 2 22 23 24 5
L 26 1900 -737
L 27 1902 -738
L 28 1900 737
D 25 1901 2 26 27 28 5
L 30 1898 736
D 29 1897 2 22 30 24 18
D 20 1899 2 21 25 29 5
L 33 1904 -739
L 34 1906 -740
L 35 1904 739
D 32 1905 2 33 34 35 5
L 37 1908 -741
L 38 1910 742
L 39 1908 741
D 36 1909 2 37 38 39 5
L 41 1906 740
D 40 1905 2 33 41 35 18
D 31 1907 2 32 36 40 5
L 44 1902 738
D 43 1901 2 26 44 28 18
D 42 1899 2 21 43 29 18
D 19 1903 2 20 31 42 5
L 47 1878 -94
D 46 1877 2 15 47 13 5
D 45 1875 2 8 46 16 5
D 50 1905 2 33 41 35 5
L 52 1910 -742
D 51 1909 2 37 52 39 5
D 53 1905 2 33 34 35 18
D 49 1907 2 50 51 53 5
D 48 1903 2 20 49 42 5
D 55 1873 2 9 17 11 5
D 56 1877 2 13 47 15 5
D 57 1873 2 9 10 11 18
D 54 1875 2 55 56 57 5
D 60 1901 2 26 44 28 5
D 59 1899 2 21 60 29 5
D 61 1907 2 32 51 40 5
D 63 1901 2 26 27 28 18
D 62 1899 2 21 63 29 18
D 58 1903 2 59 61 62 5
D 65 1873 2 11 10 9 5
D 66 1873 2 11 17 9 18
D 64 1875 2 65 56 66 5
D 69 1897 2 22 30 24 5
D 70 1897 2 22 23 24 18
D 68 1899 2 69 25 70 5
D 71 1899 2 69 43 70 18
D 67 1903 2 68 61 71 5
D 73 1877 2 13 47 15 14
D 74 1873 2 11 10 9 17
D 75 1877 2 13 14 15 18
D 76 1873 2 11 17 9 5
D 72 1875 3 8 73 74 75 76 18
D 6 1879 5 7 19 45 48 54 58 64 67 72 5
L 78 1594 -90
D 77 1593 2 4 78 2 5
D 82 1909 2 39 52 37 5
D 81 1907 2 32 82 40 5
D 80 1903 2 20 81 42 5
D 85 1905 2 35 34 33 5
D 86 1905 2 35 41 33 18
D 84 1907 2 85 51 86 5
D 83 1903 2 20 84 42 5
D 89 1901 2 28 27 26 5
D 88 1899 2 21 89 29 5
D 91 1901 2 28 44 26 18
D 90 1899 2 21 91 29 18
D 87 1903 2 88 61 90 5
D 94 1897 2 24 23 22 5
D 95 1897 2 24 30 22 18
D 93 1899 2 94 25 95 5
D 96 1899 2 94 43 95 18
D 92 1903 2 93 61 96 5
D 79 1879 5 7 80 45 83 54 87 64 92 72 5
D 97 1593 2 2 78 4 3
D 0 1595 3 1 6 77 79 97 5
