c ids of sdd nodes start at 0
c sdd nodes appear bottom-up, children before parents
c
c file syntax:
c sdd count-of-sdd-nodes
c F id-of-false-sdd-node
c T id-of-true-sdd-node
c L id-of-literal-sdd-node id-of-vtree literal
c D id-of-decomposition-sdd-node id-of-vtree number-of-elements {id-of-prime id-of-sub}*
c
sdd 50
L 3 1984 -75
L 4 1986 -76
L 5 1984 75
F 6
D 2 1985 2 3 4 5 6
L 8 1988 -77
L 9 1990 78
L 10 1988 77
D 7 1989 2 8 9 10 6
L 12 1986 76
T 13
D 11 1985 2 3 12 5 13
D 1 1987 2 2 7 11 6
L 16 2120 -4613
L 17 2122 -4614
L 18 2120 4613
D 15 2121 2 16 17 18 6
L 20 2124 -4615
L 21 2126 4616
L 22 2124 4615
D 19 2125 2 20 21 22 6
L 24 2122 4614
D 23 2121 2 16 24 18 13
D 14 2123 2 15 19 23 6
L 27 1990 -78
D 26 1989 2 10 27 8 6
D 25 1987 2 2 26 11 6
L 30 2126 -4616
D 29 2125 2 22 30 20 6
D 28 2123 2 15 29 23 6
D 32 1985 2 3 12 5 6
D 33 1989 2 8 27 10 6
D 34 1985 2 3 4 5 13
D 31 1987 2 32 33 34 6
D 36 2121 2 16 24 18 6
D 37 2125 2 20 30 22 6
D 38 2121 2 16 17 18 13
D 35 2123 2 36 37 38 6
D 40 1985 2 5 4 3 6
D 41 1985 2 5 12 3 13
D 39 1987 2 40 33 41 6
D 43 2121 2 18 17 16 6
D 44 2121 2 18 24 16 13
D 42 2123 2 43 37 44 6
D 46 1989 2 8 27 10 9
D 47 1985 2 5 4 3 12
D 48 1989 2 8 9 10 13
D 49 1985 2 5 12 3 6
D 45 1987 3 2 46 47 48 49 13
D 0 1991 5 1 14 25 28 31 35 39 42 45 6
