c ids of sdd nodes start at 0
c sdd nodes appear bottom-up, children before parents
c
c file syntax:
c sdd count-of-sdd-nodes
c F id-of-false-sdd-node
c T id-of-true-sdd-node
c L id-of-literal-sdd-node id-of-vtree literal
c D id-of-decomposition-sdd-node id-of-vtree number-of-elements {id-of-prime id-of-sub}*
c
sdd 50
L 3 4528 -141
L 4 4530 -142
L 5 4528 141
F 6
D 2 4529 2 3 4 5 6
L 8 4532 -143
L 9 4534 144
L 10 4532 143
D 7 4533 2 8 9 10 6
L 12 4530 142
T 13
D 11 4529 2 3 12 5 13
D 1 4531 2 2 7 11 6
L 16 4872 -4679
L 17 4874 -4680
L 18 4872 4679
D 15 4873 2 16 17 18 6
L 20 4876 -4681
L 21 4878 4682
L 22 4876 4681
D 19 4877 2 20 21 22 6
L 24 4874 4680
D 23 4873 2 16 24 18 13
D 14 4875 2 15 19 23 6
L 27 4534 -144
D 26 4533 2 10 27 8 6
D 25 4531 2 2 26 11 6
L 30 4878 -4682
D 29 4877 2 22 30 20 6
D 28 4875 2 15 29 23 6
D 32 4529 2 3 12 5 6
D 33 4533 2 8 27 10 6
D 34 4529 2 3 4 5 13
D 31 4531 2 32 33 34 6
D 36 4873 2 16 24 18 6
D 37 4877 2 20 30 22 6
D 38 4873 2 16 17 18 13
D 35 4875 2 36 37 38 6
D 40 4529 2 5 4 3 6
D 41 4529 2 5 12 3 13
D 39 4531 2 40 33 41 6
D 43 4873 2 18 17 16 6
D 44 4873 2 18 24 16 13
D 42 4875 2 43 37 44 6
D 46 4533 2 8 27 10 9
D 47 4529 2 5 4 3 12
D 48 4533 2 8 9 10 13
D 49 4529 2 5 12 3 6
D 45 4531 3 2 46 47 48 49 13
D 0 4535 5 1 14 25 28 31 35 39 42 45 6
