c ids of sdd nodes start at 0
c sdd nodes appear bottom-up, children before parents
c
c file syntax:
c sdd count-of-sdd-nodes
c F id-of-false-sdd-node
c T id-of-true-sdd-node
c L id-of-literal-sdd-node id-of-vtree literal
c D id-of-decomposition-sdd-node id-of-vtree number-of-elements {id-of-prime id-of-sub}*
c
sdd 50
L 3 1048 -145
L 4 1050 -146
L 5 1048 145
F 6
D 2 1049 2 3 4 5 6
L 8 1052 -147
L 9 1054 148
L 10 1052 147
D 7 1053 2 8 9 10 6
L 12 1050 146
T 13
D 11 1049 2 3 12 5 13
D 1 1051 2 2 7 11 6
L 16 1280 -4683
L 17 1282 -4684
L 18 1280 4683
D 15 1281 2 16 17 18 6
L 20 1284 -4685
L 21 1286 4686
L 22 1284 4685
D 19 1285 2 20 21 22 6
L 24 1282 4684
D 23 1281 2 16 24 18 13
D 14 1283 2 15 19 23 6
L 27 1054 -148
D 26 1053 2 10 27 8 6
D 25 1051 2 2 26 11 6
L 30 1286 -4686
D 29 1285 2 22 30 20 6
D 28 1283 2 15 29 23 6
D 32 1049 2 3 12 5 6
D 33 1053 2 8 27 10 6
D 34 1049 2 3 4 5 13
D 31 1051 2 32 33 34 6
D 36 1281 2 16 24 18 6
D 37 1285 2 20 30 22 6
D 38 1281 2 16 17 18 13
D 35 1283 2 36 37 38 6
D 40 1049 2 5 4 3 6
D 41 1049 2 5 12 3 13
D 39 1051 2 40 33 41 6
D 43 1281 2 18 17 16 6
D 44 1281 2 18 24 16 13
D 42 1283 2 43 37 44 6
D 46 1053 2 8 27 10 9
D 47 1049 2 5 4 3 12
D 48 1053 2 8 9 10 13
D 49 1049 2 5 12 3 6
D 45 1051 3 2 46 47 48 49 13
D 0 1055 5 1 14 25 28 31 35 39 42 45 6
