c ids of sdd nodes start at 0
c sdd nodes appear bottom-up, children before parents
c
c file syntax:
c sdd count-of-sdd-nodes
c F id-of-false-sdd-node
c T id-of-true-sdd-node
c L id-of-literal-sdd-node id-of-vtree literal
c D id-of-decomposition-sdd-node id-of-vtree number-of-elements {id-of-prime id-of-sub}*
c
sdd 50
L 3 5256 -169
L 4 5258 -170
L 5 5256 169
F 6
D 2 5257 2 3 4 5 6
L 8 5260 -171
L 9 5262 172
L 10 5260 171
D 7 5261 2 8 9 10 6
L 12 5258 170
T 13
D 11 5257 2 3 12 5 13
D 1 5259 2 2 7 11 6
L 16 5488 -4707
L 17 5490 -4708
L 18 5488 4707
D 15 5489 2 16 17 18 6
L 20 5492 -4709
L 21 5494 4710
L 22 5492 4709
D 19 5493 2 20 21 22 6
L 24 5490 4708
D 23 5489 2 16 24 18 13
D 14 5491 2 15 19 23 6
L 27 5262 -172
D 26 5261 2 10 27 8 6
D 25 5259 2 2 26 11 6
L 30 5494 -4710
D 29 5493 2 22 30 20 6
D 28 5491 2 15 29 23 6
D 32 5257 2 3 12 5 6
D 33 5261 2 8 27 10 6
D 34 5257 2 3 4 5 13
D 31 5259 2 32 33 34 6
D 36 5489 2 16 24 18 6
D 37 5493 2 20 30 22 6
D 38 5489 2 16 17 18 13
D 35 5491 2 36 37 38 6
D 40 5257 2 5 4 3 6
D 41 5257 2 5 12 3 13
D 39 5259 2 40 33 41 6
D 43 5489 2 18 17 16 6
D 44 5489 2 18 24 16 13
D 42 5491 2 43 37 44 6
D 46 5261 2 8 27 10 9
D 47 5257 2 5 4 3 12
D 48 5261 2 8 9 10 13
D 49 5257 2 5 12 3 6
D 45 5259 3 2 46 47 48 49 13
D 0 5263 5 1 14 25 28 31 35 39 42 45 6
