c ids of sdd nodes start at 0
c sdd nodes appear bottom-up, children before parents
c
c file syntax:
c sdd count-of-sdd-nodes
c F id-of-false-sdd-node
c T id-of-true-sdd-node
c L id-of-literal-sdd-node id-of-vtree literal
c D id-of-decomposition-sdd-node id-of-vtree number-of-elements {id-of-prime id-of-sub}*
c
sdd 50
L 3 7216 -203
L 4 7218 -204
L 5 7216 203
F 6
D 2 7217 2 3 4 5 6
L 8 7220 -205
L 9 7222 206
L 10 7220 205
D 7 7221 2 8 9 10 6
L 12 7218 204
T 13
D 11 7217 2 3 12 5 13
D 1 7219 2 2 7 11 6
L 16 7320 -4741
L 17 7322 -4742
L 18 7320 4741
D 15 7321 2 16 17 18 6
L 20 7324 -4743
L 21 7326 4744
L 22 7324 4743
D 19 7325 2 20 21 22 6
L 24 7322 4742
D 23 7321 2 16 24 18 13
D 14 7323 2 15 19 23 6
L 27 7222 -206
D 26 7221 2 10 27 8 6
D 25 7219 2 2 26 11 6
L 30 7326 -4744
D 29 7325 2 22 30 20 6
D 28 7323 2 15 29 23 6
D 32 7217 2 3 12 5 6
D 33 7221 2 8 27 10 6
D 34 7217 2 3 4 5 13
D 31 7219 2 32 33 34 6
D 36 7321 2 16 24 18 6
D 37 7325 2 20 30 22 6
D 38 7321 2 16 17 18 13
D 35 7323 2 36 37 38 6
D 40 7217 2 5 4 3 6
D 41 7217 2 5 12 3 13
D 39 7219 2 40 33 41 6
D 43 7321 2 18 17 16 6
D 44 7321 2 18 24 16 13
D 42 7323 2 43 37 44 6
D 46 7221 2 8 27 10 9
D 47 7217 2 5 4 3 12
D 48 7221 2 8 9 10 13
D 49 7217 2 5 12 3 6
D 45 7219 3 2 46 47 48 49 13
D 0 7223 5 1 14 25 28 31 35 39 42 45 6
