c ids of sdd nodes start at 0
c sdd nodes appear bottom-up, children before parents
c
c file syntax:
c sdd count-of-sdd-nodes
c F id-of-false-sdd-node
c T id-of-true-sdd-node
c L id-of-literal-sdd-node id-of-vtree literal
c D id-of-decomposition-sdd-node id-of-vtree number-of-elements {id-of-prime id-of-sub}*
c
sdd 50
L 3 7840 -207
L 4 7842 -208
L 5 7840 207
F 6
D 2 7841 2 3 4 5 6
L 8 7844 -209
L 9 7846 210
L 10 7844 209
D 7 7845 2 8 9 10 6
L 12 7842 208
T 13
D 11 7841 2 3 12 5 13
D 1 7843 2 2 7 11 6
L 16 8024 -4745
L 17 8026 -4746
L 18 8024 4745
D 15 8025 2 16 17 18 6
L 20 8028 -4747
L 21 8030 4748
L 22 8028 4747
D 19 8029 2 20 21 22 6
L 24 8026 4746
D 23 8025 2 16 24 18 13
D 14 8027 2 15 19 23 6
L 27 7846 -210
D 26 7845 2 10 27 8 6
D 25 7843 2 2 26 11 6
L 30 8030 -4748
D 29 8029 2 22 30 20 6
D 28 8027 2 15 29 23 6
D 32 7841 2 3 12 5 6
D 33 7845 2 8 27 10 6
D 34 7841 2 3 4 5 13
D 31 7843 2 32 33 34 6
D 36 8025 2 16 24 18 6
D 37 8029 2 20 30 22 6
D 38 8025 2 16 17 18 13
D 35 8027 2 36 37 38 6
D 40 7841 2 5 4 3 6
D 41 7841 2 5 12 3 13
D 39 7843 2 40 33 41 6
D 43 8025 2 18 17 16 6
D 44 8025 2 18 24 16 13
D 42 8027 2 43 37 44 6
D 46 7845 2 8 27 10 9
D 47 7841 2 5 4 3 12
D 48 7845 2 8 9 10 13
D 49 7841 2 5 12 3 6
D 45 7843 3 2 46 47 48 49 13
D 0 7847 5 1 14 25 28 31 35 39 42 45 6
