c ids of sdd nodes start at 0
c sdd nodes appear bottom-up, children before parents
c
c file syntax:
c sdd count-of-sdd-nodes
c F id-of-false-sdd-node
c T id-of-true-sdd-node
c L id-of-literal-sdd-node id-of-vtree literal
c D id-of-decomposition-sdd-node id-of-vtree number-of-elements {id-of-prime id-of-sub}*
c
sdd 50
L 3 7088 -211
L 4 7090 -212
L 5 7088 211
F 6
D 2 7089 2 3 4 5 6
L 8 7092 -213
L 9 7094 214
L 10 7092 213
D 7 7093 2 8 9 10 6
L 12 7090 212
T 13
D 11 7089 2 3 12 5 13
D 1 7091 2 2 7 11 6
L 16 7128 -4749
L 17 7130 -4750
L 18 7128 4749
D 15 7129 2 16 17 18 6
L 20 7132 -4751
L 21 7134 4752
L 22 7132 4751
D 19 7133 2 20 21 22 6
L 24 7130 4750
D 23 7129 2 16 24 18 13
D 14 7131 2 15 19 23 6
L 27 7094 -214
D 26 7093 2 10 27 8 6
D 25 7091 2 2 26 11 6
L 30 7134 -4752
D 29 7133 2 22 30 20 6
D 28 7131 2 15 29 23 6
D 32 7089 2 3 12 5 6
D 33 7093 2 8 27 10 6
D 34 7089 2 3 4 5 13
D 31 7091 2 32 33 34 6
D 36 7129 2 16 24 18 6
D 37 7133 2 20 30 22 6
D 38 7129 2 16 17 18 13
D 35 7131 2 36 37 38 6
D 40 7089 2 5 4 3 6
D 41 7089 2 5 12 3 13
D 39 7091 2 40 33 41 6
D 43 7129 2 18 17 16 6
D 44 7129 2 18 24 16 13
D 42 7131 2 43 37 44 6
D 46 7093 2 8 27 10 9
D 47 7089 2 5 4 3 12
D 48 7093 2 8 9 10 13
D 49 7089 2 5 12 3 6
D 45 7091 3 2 46 47 48 49 13
D 0 7095 5 1 14 25 28 31 35 39 42 45 6
