c ids of sdd nodes start at 0
c sdd nodes appear bottom-up, children before parents
c
c file syntax:
c sdd count-of-sdd-nodes
c F id-of-false-sdd-node
c T id-of-true-sdd-node
c L id-of-literal-sdd-node id-of-vtree literal
c D id-of-decomposition-sdd-node id-of-vtree number-of-elements {id-of-prime id-of-sub}*
c
sdd 50
L 3 8496 -237
L 4 8498 -238
L 5 8496 237
F 6
D 2 8497 2 3 4 5 6
L 8 8500 -239
L 9 8502 240
L 10 8500 239
D 7 8501 2 8 9 10 6
L 12 8498 238
T 13
D 11 8497 2 3 12 5 13
D 1 8499 2 2 7 11 6
L 16 8728 -4775
L 17 8730 -4776
L 18 8728 4775
D 15 8729 2 16 17 18 6
L 20 8732 -4777
L 21 8734 4778
L 22 8732 4777
D 19 8733 2 20 21 22 6
L 24 8730 4776
D 23 8729 2 16 24 18 13
D 14 8731 2 15 19 23 6
L 27 8502 -240
D 26 8501 2 10 27 8 6
D 25 8499 2 2 26 11 6
L 30 8734 -4778
D 29 8733 2 22 30 20 6
D 28 8731 2 15 29 23 6
D 32 8497 2 3 12 5 6
D 33 8501 2 8 27 10 6
D 34 8497 2 3 4 5 13
D 31 8499 2 32 33 34 6
D 36 8729 2 16 24 18 6
D 37 8733 2 20 30 22 6
D 38 8729 2 16 17 18 13
D 35 8731 2 36 37 38 6
D 40 8497 2 5 4 3 6
D 41 8497 2 5 12 3 13
D 39 8499 2 40 33 41 6
D 43 8729 2 18 17 16 6
D 44 8729 2 18 24 16 13
D 42 8731 2 43 37 44 6
D 46 8501 2 8 27 10 9
D 47 8497 2 5 4 3 12
D 48 8501 2 8 9 10 13
D 49 8497 2 5 12 3 6
D 45 8499 3 2 46 47 48 49 13
D 0 8503 5 1 14 25 28 31 35 39 42 45 6
