c ids of sdd nodes start at 0
c sdd nodes appear bottom-up, children before parents
c
c file syntax:
c sdd count-of-sdd-nodes
c F id-of-false-sdd-node
c T id-of-true-sdd-node
c L id-of-literal-sdd-node id-of-vtree literal
c D id-of-decomposition-sdd-node id-of-vtree number-of-elements {id-of-prime id-of-sub}*
c
sdd 50
L 3 8064 -247
L 4 8066 -248
L 5 8064 247
F 6
D 2 8065 2 3 4 5 6
L 8 8068 -249
L 9 8070 250
L 10 8068 249
D 7 8069 2 8 9 10 6
L 12 8066 248
T 13
D 11 8065 2 3 12 5 13
D 1 8067 2 2 7 11 6
L 16 8184 -4785
L 17 8186 -4786
L 18 8184 4785
D 15 8185 2 16 17 18 6
L 20 8188 -4787
L 21 8190 4788
L 22 8188 4787
D 19 8189 2 20 21 22 6
L 24 8186 4786
D 23 8185 2 16 24 18 13
D 14 8187 2 15 19 23 6
L 27 8070 -250
D 26 8069 2 10 27 8 6
D 25 8067 2 2 26 11 6
L 30 8190 -4788
D 29 8189 2 22 30 20 6
D 28 8187 2 15 29 23 6
D 32 8065 2 3 12 5 6
D 33 8069 2 8 27 10 6
D 34 8065 2 3 4 5 13
D 31 8067 2 32 33 34 6
D 36 8185 2 16 24 18 6
D 37 8189 2 20 30 22 6
D 38 8185 2 16 17 18 13
D 35 8187 2 36 37 38 6
D 40 8065 2 5 4 3 6
D 41 8065 2 5 12 3 13
D 39 8067 2 40 33 41 6
D 43 8185 2 18 17 16 6
D 44 8185 2 18 24 16 13
D 42 8187 2 43 37 44 6
D 46 8069 2 8 27 10 9
D 47 8065 2 5 4 3 12
D 48 8069 2 8 9 10 13
D 49 8065 2 5 12 3 6
D 45 8067 3 2 46 47 48 49 13
D 0 8071 5 1 14 25 28 31 35 39 42 45 6
