c ids of sdd nodes start at 0
c sdd nodes appear bottom-up, children before parents
c
c file syntax:
c sdd count-of-sdd-nodes
c F id-of-false-sdd-node
c T id-of-true-sdd-node
c L id-of-literal-sdd-node id-of-vtree literal
c D id-of-decomposition-sdd-node id-of-vtree number-of-elements {id-of-prime id-of-sub}*
c
sdd 50
L 3 9288 -255
L 4 9290 -256
L 5 9288 255
F 6
D 2 9289 2 3 4 5 6
L 8 9292 -257
L 9 9294 258
L 10 9292 257
D 7 9293 2 8 9 10 6
L 12 9290 256
T 13
D 11 9289 2 3 12 5 13
D 1 9291 2 2 7 11 6
L 16 9568 -4793
L 17 9570 -4794
L 18 9568 4793
D 15 9569 2 16 17 18 6
L 20 9572 -4795
L 21 9574 4796
L 22 9572 4795
D 19 9573 2 20 21 22 6
L 24 9570 4794
D 23 9569 2 16 24 18 13
D 14 9571 2 15 19 23 6
L 27 9294 -258
D 26 9293 2 10 27 8 6
D 25 9291 2 2 26 11 6
L 30 9574 -4796
D 29 9573 2 22 30 20 6
D 28 9571 2 15 29 23 6
D 32 9289 2 3 12 5 6
D 33 9293 2 8 27 10 6
D 34 9289 2 3 4 5 13
D 31 9291 2 32 33 34 6
D 36 9569 2 16 24 18 6
D 37 9573 2 20 30 22 6
D 38 9569 2 16 17 18 13
D 35 9571 2 36 37 38 6
D 40 9289 2 5 4 3 6
D 41 9289 2 5 12 3 13
D 39 9291 2 40 33 41 6
D 43 9569 2 18 17 16 6
D 44 9569 2 18 24 16 13
D 42 9571 2 43 37 44 6
D 46 9293 2 8 27 10 9
D 47 9289 2 5 4 3 12
D 48 9293 2 8 9 10 13
D 49 9289 2 5 12 3 6
D 45 9291 3 2 46 47 48 49 13
D 0 9295 5 1 14 25 28 31 35 39 42 45 6
