c ids of sdd nodes start at 0
c sdd nodes appear bottom-up, children before parents
c
c file syntax:
c sdd count-of-sdd-nodes
c F id-of-false-sdd-node
c T id-of-true-sdd-node
c L id-of-literal-sdd-node id-of-vtree literal
c D id-of-decomposition-sdd-node id-of-vtree number-of-elements {id-of-prime id-of-sub}*
c
sdd 98
L 2 48 -109
L 3 50 110
L 4 48 109
F 5
D 1 49 2 2 3 4 5
L 9 4528 -141
L 10 4530 -142
L 11 4528 141
D 8 4529 2 9 10 11 5
L 13 4532 -143
L 14 4534 144
L 15 4532 143
D 12 4533 2 13 14 15 5
L 17 4530 142
T 18
D 16 4529 2 9 17 11 18
D 7 4531 2 8 12 16 5
L 22 4552 -799
L 23 4554 -800
L 24 4552 799
D 21 4553 2 22 23 24 5
L 26 4556 -801
L 27 4558 -802
L 28 4556 801
D 25 4557 2 26 27 28 5
L 30 4554 800
D 29 4553 2 22 30 24 18
D 20 4555 2 21 25 29 5
L 33 4560 -803
L 34 4562 -804
L 35 4560 803
D 32 4561 2 33 34 35 5
L 37 4564 -805
L 38 4566 806
L 39 4564 805
D 36 4565 2 37 38 39 5
L 41 4562 804
D 40 4561 2 33 41 35 18
D 31 4563 2 32 36 40 5
L 44 4558 802
D 43 4557 2 26 44 28 18
D 42 4555 2 21 43 29 18
D 19 4559 2 20 31 42 5
L 47 4534 -144
D 46 4533 2 15 47 13 5
D 45 4531 2 8 46 16 5
L 51 4566 -806
D 50 4565 2 39 51 37 5
D 49 4563 2 32 50 40 5
D 48 4559 2 20 49 42 5
D 53 4529 2 9 17 11 5
D 54 4533 2 13 47 15 5
D 55 4529 2 9 10 11 18
D 52 4531 2 53 54 55 5
D 58 4561 2 33 41 35 5
D 59 4565 2 37 51 39 5
D 60 4561 2 33 34 35 18
D 57 4563 2 58 59 60 5
D 56 4559 2 20 57 42 5
D 62 4529 2 11 10 9 5
D 63 4529 2 11 17 9 18
D 61 4531 2 62 54 63 5
D 66 4561 2 35 34 33 5
D 67 4561 2 35 41 33 18
D 65 4563 2 66 59 67 5
D 64 4559 2 20 65 42 5
D 69 4533 2 13 47 15 14
D 70 4529 2 11 10 9 17
D 71 4533 2 13 14 15 18
D 72 4529 2 11 17 9 5
D 68 4531 3 8 69 70 71 72 18
D 6 4535 5 7 19 45 48 52 56 61 64 68 5
L 74 50 -110
D 73 49 2 4 74 2 5
D 78 4557 2 26 44 28 5
D 77 4555 2 21 78 29 5
D 79 4563 2 32 59 40 5
D 81 4557 2 26 27 28 18
D 80 4555 2 21 81 29 18
D 76 4559 2 77 79 80 5
D 84 4557 2 28 27 26 5
D 83 4555 2 21 84 29 5
D 86 4557 2 28 44 26 18
D 85 4555 2 21 86 29 18
D 82 4559 2 83 79 85 5
D 89 4553 2 22 30 24 5
D 90 4553 2 22 23 24 18
D 88 4555 2 89 25 90 5
D 91 4555 2 89 43 90 18
D 87 4559 2 88 79 91 5
D 94 4553 2 24 23 22 5
D 95 4553 2 24 30 22 18
D 93 4555 2 94 25 95 5
D 96 4555 2 94 43 95 18
D 92 4559 2 93 79 96 5
D 75 4535 5 7 76 45 82 52 87 61 92 68 5
D 97 49 2 2 74 4 3
D 0 51 3 1 6 73 75 97 5
