c ids of sdd nodes start at 0
c sdd nodes appear bottom-up, children before parents
c
c file syntax:
c sdd count-of-sdd-nodes
c F id-of-false-sdd-node
c T id-of-true-sdd-node
c L id-of-literal-sdd-node id-of-vtree literal
c D id-of-decomposition-sdd-node id-of-vtree number-of-elements {id-of-prime id-of-sub}*
c
sdd 100
L 3 600 -151
L 4 602 -152
L 5 600 151
F 6
D 2 601 2 3 4 5 6
L 8 604 -153
L 9 606 154
L 10 604 153
D 7 605 2 8 9 10 6
L 12 602 152
T 13
D 11 601 2 3 12 5 13
D 1 603 2 2 7 11 6
L 16 928 -163
L 17 930 164
L 18 928 163
D 15 929 2 16 17 18 6
L 22 940 -843
L 23 942 -844
L 24 940 843
D 21 941 2 22 23 24 6
L 26 944 -845
L 27 946 -846
L 28 944 845
D 25 945 2 26 27 28 6
L 30 942 844
D 29 941 2 22 30 24 13
D 20 943 2 21 25 29 6
L 33 948 -847
L 34 950 -848
L 35 948 847
D 32 949 2 33 34 35 6
L 37 952 -849
L 38 954 850
L 39 952 849
D 36 953 2 37 38 39 6
L 41 950 848
D 40 949 2 33 41 35 13
D 31 951 2 32 36 40 6
L 44 946 846
D 43 945 2 26 44 28 13
D 42 943 2 21 43 29 13
D 19 947 2 20 31 42 6
L 46 930 -164
D 45 929 2 18 46 16 6
L 50 954 -850
D 49 953 2 39 50 37 6
D 48 951 2 32 49 40 6
D 47 947 2 20 48 42 6
D 51 929 2 16 46 18 17
D 14 931 3 15 19 45 47 51 6
L 54 606 -154
D 53 605 2 10 54 8 6
D 52 603 2 2 53 11 6
D 58 949 2 33 41 35 6
D 59 953 2 37 50 39 6
D 60 949 2 33 34 35 13
D 57 951 2 58 59 60 6
D 56 947 2 20 57 42 6
D 63 949 2 35 34 33 6
D 64 949 2 35 41 33 13
D 62 951 2 63 59 64 6
D 61 947 2 20 62 42 6
D 55 931 3 15 56 45 61 51 6
D 66 601 2 3 12 5 6
D 67 605 2 8 54 10 6
D 68 601 2 3 4 5 13
D 65 603 2 66 67 68 6
D 72 945 2 26 44 28 6
D 71 943 2 21 72 29 6
D 73 951 2 32 59 40 6
D 75 945 2 26 27 28 13
D 74 943 2 21 75 29 13
D 70 947 2 71 73 74 6
D 78 945 2 28 27 26 6
D 77 943 2 21 78 29 6
D 80 945 2 28 44 26 13
D 79 943 2 21 80 29 13
D 76 947 2 77 73 79 6
D 69 931 3 15 70 45 76 51 6
D 82 601 2 5 4 3 6
D 83 601 2 5 12 3 13
D 81 603 2 82 67 83 6
D 87 941 2 22 30 24 6
D 88 941 2 22 23 24 13
D 86 943 2 87 25 88 6
D 89 943 2 87 43 88 13
D 85 947 2 86 73 89 6
D 92 941 2 24 23 22 6
D 93 941 2 24 30 22 13
D 91 943 2 92 25 93 6
D 94 943 2 92 43 93 13
D 90 947 2 91 73 94 6
D 84 931 3 15 85 45 90 51 6
D 96 605 2 8 54 10 9
D 97 601 2 5 4 3 12
D 98 605 2 8 9 10 13
D 99 601 2 5 12 3 6
D 95 603 3 2 96 97 98 99 13
D 0 607 5 1 14 52 55 65 69 81 84 95 6
