c ids of sdd nodes start at 0
c sdd nodes appear bottom-up, children before parents
c
c file syntax:
c sdd count-of-sdd-nodes
c F id-of-false-sdd-node
c T id-of-true-sdd-node
c L id-of-literal-sdd-node id-of-vtree literal
c D id-of-decomposition-sdd-node id-of-vtree number-of-elements {id-of-prime id-of-sub}*
c
sdd 98
L 2 424 -159
L 3 426 160
L 4 424 159
F 5
D 1 425 2 2 3 4 5
L 9 4528 -141
L 10 4530 -142
L 11 4528 141
D 8 4529 2 9 10 11 5
L 13 4532 -143
L 14 4534 144
L 15 4532 143
D 12 4533 2 13 14 15 5
L 17 4530 142
T 18
D 16 4529 2 9 17 11 18
D 7 4531 2 8 12 16 5
L 22 4568 -903
L 23 4570 -904
L 24 4568 903
D 21 4569 2 22 23 24 5
L 26 4572 -905
L 27 4574 -906
L 28 4572 905
D 25 4573 2 26 27 28 5
L 30 4570 904
D 29 4569 2 22 30 24 18
D 20 4571 2 21 25 29 5
L 33 4576 -907
L 34 4578 -908
L 35 4576 907
D 32 4577 2 33 34 35 5
L 37 4580 -909
L 38 4582 910
L 39 4580 909
D 36 4581 2 37 38 39 5
L 41 4578 908
D 40 4577 2 33 41 35 18
D 31 4579 2 32 36 40 5
L 44 4574 906
D 43 4573 2 26 44 28 18
D 42 4571 2 21 43 29 18
D 19 4575 2 20 31 42 5
L 47 4534 -144
D 46 4533 2 15 47 13 5
D 45 4531 2 8 46 16 5
D 50 4577 2 33 41 35 5
L 52 4582 -910
D 51 4581 2 37 52 39 5
D 53 4577 2 33 34 35 18
D 49 4579 2 50 51 53 5
D 48 4575 2 20 49 42 5
D 55 4529 2 9 17 11 5
D 56 4533 2 13 47 15 5
D 57 4529 2 9 10 11 18
D 54 4531 2 55 56 57 5
D 60 4573 2 26 44 28 5
D 59 4571 2 21 60 29 5
D 61 4579 2 32 51 40 5
D 63 4573 2 26 27 28 18
D 62 4571 2 21 63 29 18
D 58 4575 2 59 61 62 5
D 65 4529 2 11 10 9 5
D 66 4529 2 11 17 9 18
D 64 4531 2 65 56 66 5
D 69 4569 2 22 30 24 5
D 70 4569 2 22 23 24 18
D 68 4571 2 69 25 70 5
D 71 4571 2 69 43 70 18
D 67 4575 2 68 61 71 5
D 73 4533 2 13 47 15 14
D 74 4529 2 11 10 9 17
D 75 4533 2 13 14 15 18
D 76 4529 2 11 17 9 5
D 72 4531 3 8 73 74 75 76 18
D 6 4535 5 7 19 45 48 54 58 64 67 72 5
L 78 426 -160
D 77 425 2 4 78 2 5
D 82 4581 2 39 52 37 5
D 81 4579 2 32 82 40 5
D 80 4575 2 20 81 42 5
D 85 4577 2 35 34 33 5
D 86 4577 2 35 41 33 18
D 84 4579 2 85 51 86 5
D 83 4575 2 20 84 42 5
D 89 4573 2 28 27 26 5
D 88 4571 2 21 89 29 5
D 91 4573 2 28 44 26 18
D 90 4571 2 21 91 29 18
D 87 4575 2 88 61 90 5
D 94 4569 2 24 23 22 5
D 95 4569 2 24 30 22 18
D 93 4571 2 94 25 95 5
D 96 4571 2 94 43 95 18
D 92 4575 2 93 61 96 5
D 79 4535 5 7 80 45 83 54 87 64 92 72 5
D 97 425 2 2 78 4 3
D 0 427 3 1 6 77 79 97 5
