c ids of sdd nodes start at 0
c sdd nodes appear bottom-up, children before parents
c
c file syntax:
c sdd count-of-sdd-nodes
c F id-of-false-sdd-node
c T id-of-true-sdd-node
c L id-of-literal-sdd-node id-of-vtree literal
c D id-of-decomposition-sdd-node id-of-vtree number-of-elements {id-of-prime id-of-sub}*
c
sdd 98
L 2 8384 -243
L 3 8386 244
L 4 8384 243
F 5
D 1 8385 2 2 3 4 5
L 9 9288 -255
L 10 9290 -256
L 11 9288 255
D 8 9289 2 9 10 11 5
L 13 9292 -257
L 14 9294 258
L 15 9292 257
D 12 9293 2 13 14 15 5
L 17 9290 256
T 18
D 16 9289 2 9 17 11 18
D 7 9291 2 8 12 16 5
L 22 9296 -327
L 23 9298 -328
L 24 9296 327
D 21 9297 2 22 23 24 5
L 26 9300 -329
L 27 9302 -330
L 28 9300 329
D 25 9301 2 26 27 28 5
L 30 9298 328
D 29 9297 2 22 30 24 18
D 20 9299 2 21 25 29 5
L 33 9304 -331
L 34 9306 -332
L 35 9304 331
D 32 9305 2 33 34 35 5
L 37 9308 -333
L 38 9310 334
L 39 9308 333
D 36 9309 2 37 38 39 5
L 41 9306 332
D 40 9305 2 33 41 35 18
D 31 9307 2 32 36 40 5
L 44 9302 330
D 43 9301 2 26 44 28 18
D 42 9299 2 21 43 29 18
D 19 9303 2 20 31 42 5
L 47 9294 -258
D 46 9293 2 15 47 13 5
D 45 9291 2 8 46 16 5
D 50 9305 2 33 41 35 5
L 52 9310 -334
D 51 9309 2 37 52 39 5
D 53 9305 2 33 34 35 18
D 49 9307 2 50 51 53 5
D 48 9303 2 20 49 42 5
D 55 9289 2 9 17 11 5
D 56 9293 2 13 47 15 5
D 57 9289 2 9 10 11 18
D 54 9291 2 55 56 57 5
D 60 9301 2 26 44 28 5
D 59 9299 2 21 60 29 5
D 61 9307 2 32 51 40 5
D 63 9301 2 26 27 28 18
D 62 9299 2 21 63 29 18
D 58 9303 2 59 61 62 5
D 65 9289 2 11 10 9 5
D 66 9289 2 11 17 9 18
D 64 9291 2 65 56 66 5
D 69 9297 2 22 30 24 5
D 70 9297 2 22 23 24 18
D 68 9299 2 69 25 70 5
D 71 9299 2 69 43 70 18
D 67 9303 2 68 61 71 5
D 73 9293 2 13 47 15 14
D 74 9289 2 11 10 9 17
D 75 9293 2 13 14 15 18
D 76 9289 2 11 17 9 5
D 72 9291 3 8 73 74 75 76 18
D 6 9295 5 7 19 45 48 54 58 64 67 72 5
L 78 8386 -244
D 77 8385 2 4 78 2 5
D 82 9309 2 39 52 37 5
D 81 9307 2 32 82 40 5
D 80 9303 2 20 81 42 5
D 85 9305 2 35 34 33 5
D 86 9305 2 35 41 33 18
D 84 9307 2 85 51 86 5
D 83 9303 2 20 84 42 5
D 89 9301 2 28 27 26 5
D 88 9299 2 21 89 29 5
D 91 9301 2 28 44 26 18
D 90 9299 2 21 91 29 18
D 87 9303 2 88 61 90 5
D 94 9297 2 24 23 22 5
D 95 9297 2 24 30 22 18
D 93 9299 2 94 25 95 5
D 96 9299 2 94 43 95 18
D 92 9303 2 93 61 96 5
D 79 9295 5 7 80 45 83 54 87 64 92 72 5
D 97 8385 2 2 78 4 3
D 0 8387 3 1 6 77 79 97 5
