c ids of sdd nodes start at 0
c sdd nodes appear bottom-up, children before parents
c
c file syntax:
c sdd count-of-sdd-nodes
c F id-of-false-sdd-node
c T id-of-true-sdd-node
c L id-of-literal-sdd-node id-of-vtree literal
c D id-of-decomposition-sdd-node id-of-vtree number-of-elements {id-of-prime id-of-sub}*
c
sdd 100
L 3 8496 -237
L 4 8498 -238
L 5 8496 237
F 6
D 2 8497 2 3 4 5 6
L 8 8500 -239
L 9 8502 240
L 10 8500 239
D 7 8501 2 8 9 10 6
L 12 8498 238
T 13
D 11 8497 2 3 12 5 13
D 1 8499 2 2 7 11 6
L 16 8872 -233
L 17 8874 234
L 18 8872 233
D 15 8873 2 16 17 18 6
L 22 8908 -947
L 23 8910 -948
L 24 8908 947
D 21 8909 2 22 23 24 6
L 26 8912 -949
L 27 8914 -950
L 28 8912 949
D 25 8913 2 26 27 28 6
L 30 8910 948
D 29 8909 2 22 30 24 13
D 20 8911 2 21 25 29 6
L 33 8916 -951
L 34 8918 -952
L 35 8916 951
D 32 8917 2 33 34 35 6
L 37 8920 -953
L 38 8922 954
L 39 8920 953
D 36 8921 2 37 38 39 6
L 41 8918 952
D 40 8917 2 33 41 35 13
D 31 8919 2 32 36 40 6
L 44 8914 950
D 43 8913 2 26 44 28 13
D 42 8911 2 21 43 29 13
D 19 8915 2 20 31 42 6
L 46 8874 -234
D 45 8873 2 18 46 16 6
D 49 8913 2 26 44 28 6
D 48 8911 2 21 49 29 6
L 52 8922 -954
D 51 8921 2 37 52 39 6
D 50 8919 2 32 51 40 6
D 54 8913 2 26 27 28 13
D 53 8911 2 21 54 29 13
D 47 8915 2 48 50 53 6
D 55 8873 2 16 46 18 17
D 14 8875 3 15 19 45 47 55 6
L 58 8502 -240
D 57 8501 2 10 58 8 6
D 56 8499 2 2 57 11 6
D 62 8921 2 39 52 37 6
D 61 8919 2 32 62 40 6
D 60 8915 2 20 61 42 6
D 65 8913 2 28 27 26 6
D 64 8911 2 21 65 29 6
D 67 8913 2 28 44 26 13
D 66 8911 2 21 67 29 13
D 63 8915 2 64 50 66 6
D 59 8875 3 15 60 45 63 55 6
D 69 8497 2 3 12 5 6
D 70 8501 2 8 58 10 6
D 71 8497 2 3 4 5 13
D 68 8499 2 69 70 71 6
D 75 8917 2 33 41 35 6
D 76 8917 2 33 34 35 13
D 74 8919 2 75 51 76 6
D 73 8915 2 20 74 42 6
D 79 8909 2 22 30 24 6
D 80 8909 2 22 23 24 13
D 78 8911 2 79 25 80 6
D 81 8911 2 79 43 80 13
D 77 8915 2 78 50 81 6
D 72 8875 3 15 73 45 77 55 6
D 83 8497 2 5 4 3 6
D 84 8497 2 5 12 3 13
D 82 8499 2 83 70 84 6
D 88 8917 2 35 34 33 6
D 89 8917 2 35 41 33 13
D 87 8919 2 88 51 89 6
D 86 8915 2 20 87 42 6
D 92 8909 2 24 23 22 6
D 93 8909 2 24 30 22 13
D 91 8911 2 92 25 93 6
D 94 8911 2 92 43 93 13
D 90 8915 2 91 50 94 6
D 85 8875 3 15 86 45 90 55 6
D 96 8501 2 8 58 10 9
D 97 8497 2 5 4 3 12
D 98 8501 2 8 9 10 13
D 99 8497 2 5 12 3 6
D 95 8499 3 2 96 97 98 99 13
D 0 8503 5 1 14 56 59 68 72 82 85 95 6
