c ids of sdd nodes start at 0
c sdd nodes appear bottom-up, children before parents
c
c file syntax:
c sdd count-of-sdd-nodes
c F id-of-false-sdd-node
c T id-of-true-sdd-node
c L id-of-literal-sdd-node id-of-vtree literal
c D id-of-decomposition-sdd-node id-of-vtree number-of-elements {id-of-prime id-of-sub}*
c
sdd 100
L 3 2440 -29
L 4 2442 -30
L 5 2440 29
F 6
D 2 2441 2 3 4 5 6
L 8 2444 -31
L 9 2446 32
L 10 2444 31
D 7 2445 2 8 9 10 6
L 12 2442 30
T 13
D 11 2441 2 3 12 5 13
D 1 2443 2 2 7 11 6
L 16 4024 -61
L 17 4026 62
L 18 4024 61
D 15 4025 2 16 17 18 6
L 22 4028 -335
L 23 4030 -336
L 24 4028 335
D 21 4029 2 22 23 24 6
L 26 4032 -337
L 27 4034 -338
L 28 4032 337
D 25 4033 2 26 27 28 6
L 30 4030 336
D 29 4029 2 22 30 24 13
D 20 4031 2 21 25 29 6
L 33 4036 -339
L 34 4038 -340
L 35 4036 339
D 32 4037 2 33 34 35 6
L 37 4040 -341
L 38 4042 342
L 39 4040 341
D 36 4041 2 37 38 39 6
L 41 4038 340
D 40 4037 2 33 41 35 13
D 31 4039 2 32 36 40 6
L 44 4034 338
D 43 4033 2 26 44 28 13
D 42 4031 2 21 43 29 13
D 19 4035 2 20 31 42 6
L 46 4026 -62
D 45 4025 2 18 46 16 6
D 49 4033 2 26 44 28 6
D 48 4031 2 21 49 29 6
L 52 4042 -342
D 51 4041 2 37 52 39 6
D 50 4039 2 32 51 40 6
D 54 4033 2 26 27 28 13
D 53 4031 2 21 54 29 13
D 47 4035 2 48 50 53 6
D 55 4025 2 16 46 18 17
D 14 4027 3 15 19 45 47 55 6
L 58 2446 -32
D 57 2445 2 10 58 8 6
D 56 2443 2 2 57 11 6
D 62 4041 2 39 52 37 6
D 61 4039 2 32 62 40 6
D 60 4035 2 20 61 42 6
D 65 4033 2 28 27 26 6
D 64 4031 2 21 65 29 6
D 67 4033 2 28 44 26 13
D 66 4031 2 21 67 29 13
D 63 4035 2 64 50 66 6
D 59 4027 3 15 60 45 63 55 6
D 69 2441 2 3 12 5 6
D 70 2445 2 8 58 10 6
D 71 2441 2 3 4 5 13
D 68 2443 2 69 70 71 6
D 75 4037 2 33 41 35 6
D 76 4037 2 33 34 35 13
D 74 4039 2 75 51 76 6
D 73 4035 2 20 74 42 6
D 79 4029 2 22 30 24 6
D 80 4029 2 22 23 24 13
D 78 4031 2 79 25 80 6
D 81 4031 2 79 43 80 13
D 77 4035 2 78 50 81 6
D 72 4027 3 15 73 45 77 55 6
D 83 2441 2 5 4 3 6
D 84 2441 2 5 12 3 13
D 82 2443 2 83 70 84 6
D 88 4037 2 35 34 33 6
D 89 4037 2 35 41 33 13
D 87 4039 2 88 51 89 6
D 86 4035 2 20 87 42 6
D 92 4029 2 24 23 22 6
D 93 4029 2 24 30 22 13
D 91 4031 2 92 25 93 6
D 94 4031 2 92 43 93 13
D 90 4035 2 91 50 94 6
D 85 4027 3 15 86 45 90 55 6
D 96 2445 2 8 58 10 9
D 97 2441 2 5 4 3 12
D 98 2445 2 8 9 10 13
D 99 2441 2 5 12 3 6
D 95 2443 3 2 96 97 98 99 13
D 0 2447 5 1 14 56 59 68 72 82 85 95 6
